pct16,total,voters,count,votes,prop64_yes,yespct,prop64_no,nopct
0109019,Total,867,573,562,408,72.60%,154,27.40%
0109029,Total,1477,1012,974,584,59.96%,390,40.04%
0109039,Total,1251,708,673,454,67.46%,219,32.54%
0109049,Total,700,374,365,262,71.78%,103,28.22%
0109050,Total,798,439,424,291,68.63%,133,31.37%
0109059,Total,1560,836,805,588,73.04%,217,26.96%
0109060,Total,800,513,499,356,71.34%,143,28.66%
0109069,Total,1570,978,957,688,71.89%,269,28.11%
0109079,Total,1474,948,927,673,72.60%,254,27.40%
0109080,Total,1117,671,642,399,62.15%,243,37.85%
0109089,Total,851,543,505,345,68.32%,160,31.68%
0109099,Total,839,505,493,355,72.01%,138,27.99%
0109100,Total,756,486,474,348,73.42%,126,26.58%
0109109,Total,645,313,298,191,64.09%,107,35.91%
0109119,Total,1417,833,811,500,61.65%,311,38.35%
0109129,Total,934,541,525,388,73.90%,137,26.10%
0109130,Total,611,389,368,201,54.62%,167,45.38%
0109139,Total,882,478,463,342,73.87%,121,26.13%
0109149,Total,840,480,468,304,64.96%,164,35.04%
0109159,Total,1488,877,848,522,61.56%,326,38.44%
0109169,Total,687,389,382,260,68.06%,122,31.94%
0109290,Total,814,531,514,368,71.60%,146,28.40%
0109340,Total,806,545,527,358,67.93%,169,32.07%
0109360,Total,903,585,573,361,63.00%,212,37.00%
0109470,Total,887,541,522,393,75.29%,129,24.71%
0112070,Total,689,439,423,339,80.14%,84,19.86%
0112160,Total,849,542,527,359,68.12%,168,31.88%
0112179,Total,1583,1064,1038,710,68.40%,328,31.60%
0112189,Total,1372,838,803,549,68.37%,254,31.63%
0112199,Total,324,190,190,129,67.89%,61,32.11%
0112209,Total,1182,767,739,534,72.26%,205,27.74%
0112219,Total,740,465,454,315,69.38%,139,30.62%
0112229,Total,707,420,408,271,66.42%,137,33.58%
0112239,Total,790,468,462,284,61.47%,178,38.53%
0203019,Total,1338,762,740,592,80.00%,148,20.00%
0203029,Total,1341,762,739,573,77.54%,166,22.46%
0203040,Total,774,465,451,326,72.28%,125,27.72%
0203060,Total,711,430,418,307,73.44%,111,26.56%
0203080,Total,683,444,427,346,81.03%,81,18.97%
0203130,Total,779,444,432,339,78.47%,93,21.53%
0204039,Total,408,228,228,165,72.37%,63,27.63%
0204049,Total,600,312,302,206,68.21%,96,31.79%
0204059,Total,1068,594,583,411,70.50%,172,29.50%
0204069,Total,1107,603,585,403,68.89%,182,31.11%
0204079,Total,666,360,355,245,69.01%,110,30.99%
0204089,Total,1739,964,948,633,66.77%,315,33.23%
0204350,Total,858,476,463,323,69.76%,140,30.24%
0204390,Total,706,376,350,224,64.00%,126,36.00%
0204410,Total,667,395,382,269,70.42%,113,29.58%
0207099,Total,1067,596,584,347,59.42%,237,40.58%
0207180,Total,559,300,294,178,60.54%,116,39.46%
0208100,Total,849,485,473,347,73.36%,126,26.64%
0208109,Total,1464,841,821,612,74.54%,209,25.46%
0208119,Total,1426,772,758,555,73.22%,203,26.78%
0208129,Total,784,420,410,312,76.10%,98,23.90%
0208139,Total,787,428,414,314,75.85%,100,24.15%
0208149,Total,1387,781,751,552,73.50%,199,26.50%
0208160,Total,812,427,413,282,68.28%,131,31.72%
0208240,Total,617,362,351,275,78.35%,76,21.65%
0208250,Total,830,470,455,365,80.22%,90,19.78%
0209159,Total,839,445,435,328,75.40%,107,24.60%
0209169,Total,809,420,407,314,77.15%,93,22.85%
0209179,Total,832,429,416,328,78.85%,88,21.15%
0209189,Total,865,464,454,350,77.09%,104,22.91%
0209199,Total,813,433,426,313,73.47%,113,26.53%
0212209,Total,1002,551,539,356,66.05%,183,33.95%
0212219,Total,909,506,491,340,69.25%,151,30.75%
0212229,Total,644,367,362,249,68.78%,113,31.22%
0212239,Total,1100,604,593,356,60.03%,237,39.97%
0212249,Total,442,238,231,152,65.80%,79,34.20%
0212259,Total,991,557,538,346,64.31%,192,35.69%
0212269,Total,1150,634,616,391,63.47%,225,36.53%
0212300,Total,753,438,422,277,65.64%,145,34.36%
0301019,Total,1496,867,840,520,61.90%,320,38.10%
0305010,Total,814,445,440,322,73.18%,118,26.82%
0305020,Total,646,392,388,285,73.45%,103,26.55%
0305029,Total,789,454,445,344,77.30%,101,22.70%
0305030,Total,820,443,433,331,76.44%,102,23.56%
0305039,Total,1396,785,763,554,72.61%,209,27.39%
0305049,Total,813,435,424,329,77.59%,95,22.41%
0305050,Total,779,414,399,315,78.95%,84,21.05%
0305059,Total,1635,946,915,659,72.02%,256,27.98%
0305069,Total,1714,970,940,696,74.04%,244,25.96%
0305090,Total,707,402,393,293,74.55%,100,25.45%
0310079,Total,1104,596,582,456,78.35%,126,21.65%
0310089,Total,1428,788,767,599,78.10%,168,21.90%
0310099,Total,1278,710,682,541,79.33%,141,20.67%
0310310,Total,732,449,436,342,78.44%,94,21.56%
0310410,Total,920,530,514,375,72.96%,139,27.04%
0311109,Total,1474,738,720,468,65.00%,252,35.00%
0311119,Total,1351,678,653,414,63.40%,239,36.60%
0311129,Total,1528,814,797,529,66.37%,268,33.63%
0311139,Total,1730,873,851,588,69.10%,263,30.90%
0312149,Total,473,277,269,218,81.04%,51,18.96%
0312159,Total,1263,727,704,521,74.01%,183,25.99%
0312169,Total,1617,771,753,570,75.70%,183,24.30%
0312179,Total,742,355,338,249,73.67%,89,26.33%
0312189,Total,1263,702,683,526,77.01%,157,22.99%
0312199,Total,860,338,318,233,73.27%,85,26.73%
0312209,Total,1443,808,787,662,84.12%,125,15.88%
0312219,Total,1150,608,589,425,72.16%,164,27.84%
0312229,Total,429,210,204,161,78.92%,43,21.08%
0312239,Total,1429,808,779,536,68.81%,243,31.19%
0312249,Total,500,271,263,178,67.68%,85,32.32%
0312250,Total,599,343,330,254,76.97%,76,23.03%
0402019,Total,1284,701,680,485,71.32%,195,28.68%
0402029,Total,1445,794,771,502,65.11%,269,34.89%
0402039,Total,707,377,360,232,64.44%,128,35.56%
0402049,Total,1333,723,695,470,67.63%,225,32.37%
0402059,Total,756,381,360,244,67.78%,116,32.22%
0402230,Total,817,435,424,299,70.52%,125,29.48%
0404069,Total,346,202,197,128,64.97%,69,35.03%
0404079,Total,668,292,277,226,81.59%,51,18.41%
0406089,Total,1252,723,704,452,64.20%,252,35.80%
0406099,Total,1238,711,692,431,62.28%,261,37.72%
0406109,Total,1552,895,863,556,64.43%,307,35.57%
0406119,Total,833,472,455,276,60.66%,179,39.34%
0409129,Total,1297,653,619,405,65.43%,214,34.57%
0409460,Total,746,334,312,206,66.03%,106,33.97%
0412139,Total,679,380,370,242,65.41%,128,34.59%
0412149,Total,1163,709,687,531,77.29%,156,22.71%
0412159,Total,440,249,243,187,76.95%,56,23.05%
0412169,Total,771,434,426,312,73.24%,114,26.76%
0412179,Total,990,589,569,433,76.10%,136,23.90%
0412189,Total,795,456,445,248,55.73%,197,44.27%
0412199,Total,456,274,272,220,80.88%,52,19.12%
0412209,Total,866,524,504,382,75.79%,122,24.21%
0412219,Total,1138,674,664,492,74.10%,172,25.90%
0412229,Total,308,176,170,135,79.41%,35,20.59%
0412239,Total,531,319,312,236,75.64%,76,24.36%
0412249,Total,1148,701,683,523,76.57%,160,23.43%
0412259,Total,566,379,369,306,82.93%,63,17.07%
0412300,Total,674,354,343,254,74.05%,89,25.95%
0506010,Total,768,447,426,264,61.97%,162,38.03%
0506019,Total,1197,701,678,446,65.78%,232,34.22%
0506029,Total,810,468,447,288,64.43%,159,35.57%
0506030,Total,854,493,479,282,58.87%,197,41.13%
0506039,Total,757,404,382,254,66.49%,128,33.51%
0506040,Total,744,447,434,286,65.90%,148,34.10%
0506049,Total,800,441,434,306,70.51%,128,29.49%
0506050,Total,802,448,438,265,60.50%,173,39.50%
0506059,Total,1631,915,885,591,66.78%,294,33.22%
0506069,Total,796,467,458,281,61.35%,177,38.65%
0506079,Total,685,427,420,260,61.90%,160,38.10%
0506089,Total,840,501,483,299,61.90%,184,38.10%
0506099,Total,886,490,474,323,68.14%,151,31.86%
0506100,Total,920,474,448,323,72.10%,125,27.90%
0506109,Total,1718,988,961,638,66.39%,323,33.61%
0506119,Total,1740,902,862,540,62.65%,322,37.35%
0506120,Total,825,406,395,272,68.86%,123,31.14%
0506129,Total,1683,860,839,514,61.26%,325,38.74%
0506139,Total,1372,797,771,480,62.26%,291,37.74%
0506149,Total,1648,921,895,599,66.93%,296,33.07%
0506159,Total,1211,698,674,456,67.66%,218,32.34%
0506169,Total,1442,841,817,554,67.81%,263,32.19%
0506179,Total,1466,770,742,456,61.46%,286,38.54%
0506189,Total,819,480,462,339,73.38%,123,26.62%
0512199,Total,1450,876,858,549,63.99%,309,36.01%
0512209,Total,1217,804,770,513,66.62%,257,33.38%
0512219,Total,700,450,437,300,68.65%,137,31.35%
0512340,Total,832,469,457,295,64.55%,162,35.45%
0611201,Total,34,18,18,16,88.89%,2,11.11%
0620701,Total,0,0,0,0,-,0,-
0620702,Total,7,1,1,1,100.00%,0,0.00%
0621203,Total,244,106,105,72,68.57%,33,31.43%
0621204,Total,269,102,98,76,77.55%,22,22.45%
0621205,Total,175,61,59,56,94.92%,3,5.08%
0630501,Total,15,6,5,3,60.00%,2,40.00%
0631102,Total,127,55,55,37,67.27%,18,32.73%
0631203,Total,108,33,32,27,84.38%,5,15.63%
0631204,Total,223,67,66,53,80.30%,13,19.70%
0631205,Total,213,78,78,45,57.69%,33,42.31%
0640401,Total,0,0,0,0,-,0,-
0641202,Total,228,84,82,42,51.22%,40,48.78%
0641203,Total,132,45,44,24,54.55%,20,45.45%
0641204,Total,24,7,7,3,42.86%,4,57.14%
0641205,Total,3,0,0,0,-,0,-
0641206,Total,4,1,0,0,-,0,-
0641207,Total,1,1,0,0,-,0,-
0641208,Total,14,3,3,3,100.00%,0,0.00%
0641209,Total,241,74,72,53,73.61%,19,26.39%
0641210,Total,13,9,9,8,88.89%,1,11.11%
