pct16,total,voters,count,votes,prop57_yes,yespct,prop57_no,nopct
0109019,Total,867,573,551,445,80.76%,106,19.24%
0109029,Total,1477,1012,954,714,74.84%,240,25.16%
0109039,Total,1251,708,667,527,79.01%,140,20.99%
0109049,Total,700,374,361,286,79.22%,75,20.78%
0109050,Total,798,439,427,338,79.16%,89,20.84%
0109059,Total,1560,836,793,635,80.08%,158,19.92%
0109060,Total,800,513,491,382,77.80%,109,22.20%
0109069,Total,1570,978,936,763,81.52%,173,18.48%
0109079,Total,1474,948,904,768,84.96%,136,15.04%
0109080,Total,1117,671,635,488,76.85%,147,23.15%
0109089,Total,851,543,496,408,82.26%,88,17.74%
0109099,Total,839,505,483,405,83.85%,78,16.15%
0109100,Total,756,486,468,386,82.48%,82,17.52%
0109109,Total,645,313,294,231,78.57%,63,21.43%
0109119,Total,1417,833,804,583,72.51%,221,27.49%
0109129,Total,934,541,513,435,84.80%,78,15.20%
0109130,Total,611,389,374,289,77.27%,85,22.73%
0109139,Total,882,478,455,381,83.74%,74,16.26%
0109149,Total,840,480,463,378,81.64%,85,18.36%
0109159,Total,1488,877,828,601,72.58%,227,27.42%
0109169,Total,687,389,372,288,77.42%,84,22.58%
0109290,Total,814,531,516,400,77.52%,116,22.48%
0109340,Total,806,545,528,409,77.46%,119,22.54%
0109360,Total,903,585,565,402,71.15%,163,28.85%
0109470,Total,887,541,513,444,86.55%,69,13.45%
0112070,Total,689,439,421,341,81.00%,80,19.00%
0112160,Total,849,542,516,393,76.16%,123,23.84%
0112179,Total,1583,1064,1037,826,79.65%,211,20.35%
0112189,Total,1372,838,786,566,72.01%,220,27.99%
0112199,Total,324,190,181,139,76.80%,42,23.20%
0112209,Total,1182,767,725,563,77.66%,162,22.34%
0112219,Total,740,465,442,360,81.45%,82,18.55%
0112229,Total,707,420,393,301,76.59%,92,23.41%
0112239,Total,790,468,459,353,76.91%,106,23.09%
0203019,Total,1338,762,738,666,90.24%,72,9.76%
0203029,Total,1341,762,727,644,88.58%,83,11.42%
0203040,Total,774,465,447,394,88.14%,53,11.86%
0203060,Total,711,430,411,320,77.86%,91,22.14%
0203080,Total,683,444,430,391,90.93%,39,9.07%
0203130,Total,779,444,425,380,89.41%,45,10.59%
0204039,Total,408,228,224,197,87.95%,27,12.05%
0204049,Total,600,312,293,223,76.11%,70,23.89%
0204059,Total,1068,594,566,478,84.45%,88,15.55%
0204069,Total,1107,603,576,470,81.60%,106,18.40%
0204079,Total,666,360,345,282,81.74%,63,18.26%
0204089,Total,1739,964,928,707,76.19%,221,23.81%
0204350,Total,858,476,453,381,84.11%,72,15.89%
0204390,Total,706,376,346,292,84.39%,54,15.61%
0204410,Total,667,395,376,321,85.37%,55,14.63%
0207099,Total,1067,596,567,435,76.72%,132,23.28%
0207180,Total,559,300,283,241,85.16%,42,14.84%
0208100,Total,849,485,457,391,85.56%,66,14.44%
0208109,Total,1464,841,807,675,83.64%,132,16.36%
0208119,Total,1426,772,735,642,87.35%,93,12.65%
0208129,Total,784,420,401,346,86.28%,55,13.72%
0208139,Total,787,428,416,348,83.65%,68,16.35%
0208149,Total,1387,781,742,632,85.18%,110,14.82%
0208160,Total,812,427,415,364,87.71%,51,12.29%
0208240,Total,617,362,343,297,86.59%,46,13.41%
0208250,Total,830,470,444,392,88.29%,52,11.71%
0209159,Total,839,445,430,345,80.23%,85,19.77%
0209169,Total,809,420,403,338,83.87%,65,16.13%
0209179,Total,832,429,405,351,86.67%,54,13.33%
0209189,Total,865,464,444,359,80.86%,85,19.14%
0209199,Total,813,433,416,343,82.45%,73,17.55%
0212209,Total,1002,551,537,428,79.70%,109,20.30%
0212219,Total,909,506,486,387,79.63%,99,20.37%
0212229,Total,644,367,354,296,83.62%,58,16.38%
0212239,Total,1100,604,584,441,75.51%,143,24.49%
0212249,Total,442,238,229,182,79.48%,47,20.52%
0212259,Total,991,557,526,411,78.14%,115,21.86%
0212269,Total,1150,634,606,480,79.21%,126,20.79%
0212300,Total,753,438,420,336,80.00%,84,20.00%
0301019,Total,1496,867,834,641,76.86%,193,23.14%
0305010,Total,814,445,432,383,88.66%,49,11.34%
0305020,Total,646,392,381,331,86.88%,50,13.12%
0305029,Total,789,454,429,379,88.34%,50,11.66%
0305030,Total,820,443,433,385,88.91%,48,11.09%
0305039,Total,1396,785,751,656,87.35%,95,12.65%
0305049,Total,813,435,419,374,89.26%,45,10.74%
0305050,Total,779,414,390,345,88.46%,45,11.54%
0305059,Total,1635,946,897,749,83.50%,148,16.50%
0305069,Total,1714,970,931,814,87.43%,117,12.57%
0305090,Total,707,402,382,337,88.22%,45,11.78%
0310079,Total,1104,596,562,485,86.30%,77,13.70%
0310089,Total,1428,788,761,638,83.84%,123,16.16%
0310099,Total,1278,710,669,572,85.50%,97,14.50%
0310310,Total,732,449,428,362,84.58%,66,15.42%
0310410,Total,920,530,509,408,80.16%,101,19.84%
0311109,Total,1474,738,714,576,80.67%,138,19.33%
0311119,Total,1351,678,643,497,77.29%,146,22.71%
0311129,Total,1528,814,781,643,82.33%,138,17.67%
0311139,Total,1730,873,831,661,79.54%,170,20.46%
0312149,Total,473,277,262,215,82.06%,47,17.94%
0312159,Total,1263,727,704,610,86.65%,94,13.35%
0312169,Total,1617,771,742,643,86.66%,99,13.34%
0312179,Total,742,355,337,297,88.13%,40,11.87%
0312189,Total,1263,702,674,593,87.98%,81,12.02%
0312199,Total,860,338,327,280,85.63%,47,14.37%
0312209,Total,1443,808,771,699,90.66%,72,9.34%
0312219,Total,1150,608,577,457,79.20%,120,20.80%
0312229,Total,429,210,198,163,82.32%,35,17.68%
0312239,Total,1429,808,761,620,81.47%,141,18.53%
0312249,Total,500,271,261,206,78.93%,55,21.07%
0312250,Total,599,343,326,280,85.89%,46,14.11%
0402019,Total,1284,701,668,558,83.53%,110,16.47%
0402029,Total,1445,794,757,614,81.11%,143,18.89%
0402039,Total,707,377,351,282,80.34%,69,19.66%
0402049,Total,1333,723,683,543,79.50%,140,20.50%
0402059,Total,756,381,356,294,82.58%,62,17.42%
0402230,Total,817,435,426,357,83.80%,69,16.20%
0404069,Total,346,202,195,159,81.54%,36,18.46%
0404079,Total,668,292,274,229,83.58%,45,16.42%
0406089,Total,1252,723,688,487,70.78%,201,29.22%
0406099,Total,1238,711,667,461,69.12%,206,30.88%
0406109,Total,1552,895,839,597,71.16%,242,28.84%
0406119,Total,833,472,445,319,71.69%,126,28.31%
0409129,Total,1297,653,622,499,80.23%,123,19.77%
0409460,Total,746,334,310,249,80.32%,61,19.68%
0412139,Total,679,380,362,263,72.65%,99,27.35%
0412149,Total,1163,709,684,613,89.62%,71,10.38%
0412159,Total,440,249,239,208,87.03%,31,12.97%
0412169,Total,771,434,410,373,90.98%,37,9.02%
0412179,Total,990,589,566,534,94.35%,32,5.65%
0412189,Total,795,456,446,292,65.47%,154,34.53%
0412199,Total,456,274,266,240,90.23%,26,9.77%
0412209,Total,866,524,503,462,91.85%,41,8.15%
0412219,Total,1138,674,641,564,87.99%,77,12.01%
0412229,Total,308,176,171,151,88.30%,20,11.70%
0412239,Total,531,319,310,273,88.06%,37,11.94%
0412249,Total,1148,701,673,604,89.75%,69,10.25%
0412259,Total,566,379,370,346,93.51%,24,6.49%
0412300,Total,674,354,337,303,89.91%,34,10.09%
0506010,Total,768,447,424,287,67.69%,137,32.31%
0506019,Total,1197,701,670,480,71.64%,190,28.36%
0506029,Total,810,468,441,310,70.29%,131,29.71%
0506030,Total,854,493,474,294,62.03%,180,37.97%
0506039,Total,757,404,378,270,71.43%,108,28.57%
0506040,Total,744,447,427,294,68.85%,133,31.15%
0506049,Total,800,441,431,308,71.46%,123,28.54%
0506050,Total,802,448,426,266,62.44%,160,37.56%
0506059,Total,1631,915,870,624,71.72%,246,28.28%
0506069,Total,796,467,450,262,58.22%,188,41.78%
0506079,Total,685,427,415,319,76.87%,96,23.13%
0506089,Total,840,501,471,322,68.37%,149,31.63%
0506099,Total,886,490,460,345,75.00%,115,25.00%
0506100,Total,920,474,437,333,76.20%,104,23.80%
0506109,Total,1718,988,949,697,73.45%,252,26.55%
0506119,Total,1740,902,854,618,72.37%,236,27.63%
0506120,Total,825,406,393,296,75.32%,97,24.68%
0506129,Total,1683,860,818,578,70.66%,240,29.34%
0506139,Total,1372,797,759,551,72.60%,208,27.40%
0506149,Total,1648,921,885,670,75.71%,215,24.29%
0506159,Total,1211,698,664,501,75.45%,163,24.55%
0506169,Total,1442,841,802,630,78.55%,172,21.45%
0506179,Total,1466,770,741,566,76.38%,175,23.62%
0506189,Total,819,480,459,364,79.30%,95,20.70%
0512199,Total,1450,876,845,581,68.76%,264,31.24%
0512209,Total,1217,804,765,551,72.03%,214,27.97%
0512219,Total,700,450,424,290,68.40%,134,31.60%
0512340,Total,832,469,455,303,66.59%,152,33.41%
0611201,Total,34,18,18,12,66.67%,6,33.33%
0620701,Total,0,0,0,0,-,0,-
0620702,Total,7,1,1,1,100.00%,0,0.00%
0621203,Total,244,106,97,82,84.54%,15,15.46%
0621204,Total,269,102,101,84,83.17%,17,16.83%
0621205,Total,175,61,58,56,96.55%,2,3.45%
0630501,Total,15,6,4,3,75.00%,1,25.00%
0631102,Total,127,55,55,47,85.45%,8,14.55%
0631203,Total,108,33,30,29,96.67%,1,3.33%
0631204,Total,223,67,66,59,89.39%,7,10.61%
0631205,Total,213,78,77,57,74.03%,20,25.97%
0640401,Total,0,0,0,0,-,0,-
0641202,Total,228,84,80,48,60.00%,32,40.00%
0641203,Total,132,45,44,22,50.00%,22,50.00%
0641204,Total,24,7,7,4,57.14%,3,42.86%
0641205,Total,3,0,0,0,-,0,-
0641206,Total,4,1,0,0,-,0,-
0641207,Total,1,1,1,1,100.00%,0,0.00%
0641208,Total,14,3,3,3,100.00%,0,0.00%
0641209,Total,241,74,73,54,73.97%,19,26.03%
0641210,Total,13,9,9,5,55.56%,4,44.44%
