pct16,total,voters,count,votes,prop58_yes,yespct,prop58_no,nopct
0109019,Total,867,573,556,456,82.01%,100,17.99%
0109029,Total,1477,1012,969,761,78.53%,208,21.47%
0109039,Total,1251,708,662,545,82.33%,117,17.67%
0109049,Total,700,374,363,299,82.37%,64,17.63%
0109050,Total,798,439,424,334,78.77%,90,21.23%
0109059,Total,1560,836,789,658,83.40%,131,16.60%
0109060,Total,800,513,493,401,81.34%,92,18.66%
0109069,Total,1570,978,928,754,81.25%,174,18.75%
0109079,Total,1474,948,907,765,84.34%,142,15.66%
0109080,Total,1117,671,633,487,76.94%,146,23.06%
0109089,Total,851,543,509,439,86.25%,70,13.75%
0109099,Total,839,505,480,413,86.04%,67,13.96%
0109100,Total,756,486,463,399,86.18%,64,13.82%
0109109,Total,645,313,291,249,85.57%,42,14.43%
0109119,Total,1417,833,786,590,75.06%,196,24.94%
0109129,Total,934,541,511,426,83.37%,85,16.63%
0109130,Total,611,389,368,311,84.51%,57,15.49%
0109139,Total,882,478,453,382,84.33%,71,15.67%
0109149,Total,840,480,459,375,81.70%,84,18.30%
0109159,Total,1488,877,830,633,76.27%,197,23.73%
0109169,Total,687,389,378,307,81.22%,71,18.78%
0109290,Total,814,531,508,412,81.10%,96,18.90%
0109340,Total,806,545,521,431,82.73%,90,17.27%
0109360,Total,903,585,566,435,76.86%,131,23.14%
0109470,Total,887,541,520,453,87.12%,67,12.88%
0112070,Total,689,439,415,351,84.58%,64,15.42%
0112160,Total,849,542,517,407,78.72%,110,21.28%
0112179,Total,1583,1064,1029,817,79.40%,212,20.60%
0112189,Total,1372,838,787,613,77.89%,174,22.11%
0112199,Total,324,190,184,144,78.26%,40,21.74%
0112209,Total,1182,767,728,596,81.87%,132,18.13%
0112219,Total,740,465,443,367,82.84%,76,17.16%
0112229,Total,707,420,405,329,81.23%,76,18.77%
0112239,Total,790,468,458,351,76.64%,107,23.36%
0203019,Total,1338,762,731,660,90.29%,71,9.71%
0203029,Total,1341,762,722,616,85.32%,106,14.68%
0203040,Total,774,465,438,391,89.27%,47,10.73%
0203060,Total,711,430,407,337,82.80%,70,17.20%
0203080,Total,683,444,421,386,91.69%,35,8.31%
0203130,Total,779,444,414,363,87.68%,51,12.32%
0204039,Total,408,228,221,196,88.69%,25,11.31%
0204049,Total,600,312,291,238,81.79%,53,18.21%
0204059,Total,1068,594,563,457,81.17%,106,18.83%
0204069,Total,1107,603,567,485,85.54%,82,14.46%
0204079,Total,666,360,341,283,82.99%,58,17.01%
0204089,Total,1739,964,923,753,81.58%,170,18.42%
0204350,Total,858,476,456,386,84.65%,70,15.35%
0204390,Total,706,376,347,295,85.01%,52,14.99%
0204410,Total,667,395,375,304,81.07%,71,18.93%
0207099,Total,1067,596,569,417,73.29%,152,26.71%
0207180,Total,559,300,285,232,81.40%,53,18.60%
0208100,Total,849,485,462,394,85.28%,68,14.72%
0208109,Total,1464,841,797,667,83.69%,130,16.31%
0208119,Total,1426,772,737,661,89.69%,76,10.31%
0208129,Total,784,420,402,345,85.82%,57,14.18%
0208139,Total,787,428,413,345,83.54%,68,16.46%
0208149,Total,1387,781,745,635,85.23%,110,14.77%
0208160,Total,812,427,408,356,87.25%,52,12.75%
0208240,Total,617,362,347,294,84.73%,53,15.27%
0208250,Total,830,470,435,372,85.52%,63,14.48%
0209159,Total,839,445,434,364,83.87%,70,16.13%
0209169,Total,809,420,396,346,87.37%,50,12.63%
0209179,Total,832,429,404,352,87.13%,52,12.87%
0209189,Total,865,464,445,374,84.04%,71,15.96%
0209199,Total,813,433,413,350,84.75%,63,15.25%
0212209,Total,1002,551,532,434,81.58%,98,18.42%
0212219,Total,909,506,490,372,75.92%,118,24.08%
0212229,Total,644,367,353,295,83.57%,58,16.43%
0212239,Total,1100,604,579,442,76.34%,137,23.66%
0212249,Total,442,238,224,187,83.48%,37,16.52%
0212259,Total,991,557,520,425,81.73%,95,18.27%
0212269,Total,1150,634,600,478,79.67%,122,20.33%
0212300,Total,753,438,418,338,80.86%,80,19.14%
0301019,Total,1496,867,829,624,75.27%,205,24.73%
0305010,Total,814,445,425,363,85.41%,62,14.59%
0305020,Total,646,392,373,305,81.77%,68,18.23%
0305029,Total,789,454,435,361,82.99%,74,17.01%
0305030,Total,820,443,422,371,87.91%,51,12.09%
0305039,Total,1396,785,741,638,86.10%,103,13.90%
0305049,Total,813,435,418,376,89.95%,42,10.05%
0305050,Total,779,414,389,337,86.63%,52,13.37%
0305059,Total,1635,946,890,746,83.82%,144,16.18%
0305069,Total,1714,970,932,820,87.98%,112,12.02%
0305090,Total,707,402,383,337,87.99%,46,12.01%
0310079,Total,1104,596,563,491,87.21%,72,12.79%
0310089,Total,1428,788,746,610,81.77%,136,18.23%
0310099,Total,1278,710,661,561,84.87%,100,15.13%
0310310,Total,732,449,423,350,82.74%,73,17.26%
0310410,Total,920,530,509,410,80.55%,99,19.45%
0311109,Total,1474,738,708,570,80.51%,138,19.49%
0311119,Total,1351,678,639,494,77.31%,145,22.69%
0311129,Total,1528,814,779,619,79.46%,160,20.54%
0311139,Total,1730,873,844,677,80.21%,167,19.79%
0312149,Total,473,277,260,221,85.00%,39,15.00%
0312159,Total,1263,727,690,600,86.96%,90,13.04%
0312169,Total,1617,771,741,613,82.73%,128,17.27%
0312179,Total,742,355,338,287,84.91%,51,15.09%
0312189,Total,1263,702,675,585,86.67%,90,13.33%
0312199,Total,860,338,320,286,89.38%,34,10.63%
0312209,Total,1443,808,766,686,89.56%,80,10.44%
0312219,Total,1150,608,576,473,82.12%,103,17.88%
0312229,Total,429,210,196,158,80.61%,38,19.39%
0312239,Total,1429,808,759,607,79.97%,152,20.03%
0312249,Total,500,271,256,203,79.30%,53,20.70%
0312250,Total,599,343,319,274,85.89%,45,14.11%
0402019,Total,1284,701,660,564,85.45%,96,14.55%
0402029,Total,1445,794,735,593,80.68%,142,19.32%
0402039,Total,707,377,354,301,85.03%,53,14.97%
0402049,Total,1333,723,683,554,81.11%,129,18.89%
0402059,Total,756,381,348,288,82.76%,60,17.24%
0402230,Total,817,435,413,333,80.63%,80,19.37%
0404069,Total,346,202,195,155,79.49%,40,20.51%
0404079,Total,668,292,274,232,84.67%,42,15.33%
0406089,Total,1252,723,685,495,72.26%,190,27.74%
0406099,Total,1238,711,664,483,72.74%,181,27.26%
0406109,Total,1552,895,847,654,77.21%,193,22.79%
0406119,Total,833,472,438,306,69.86%,132,30.14%
0409129,Total,1297,653,617,508,82.33%,109,17.67%
0409460,Total,746,334,305,247,80.98%,58,19.02%
0412139,Total,679,380,361,283,78.39%,78,21.61%
0412149,Total,1163,709,678,586,86.43%,92,13.57%
0412159,Total,440,249,243,198,81.48%,45,18.52%
0412169,Total,771,434,414,362,87.44%,52,12.56%
0412179,Total,990,589,561,499,88.95%,62,11.05%
0412189,Total,795,456,441,311,70.52%,130,29.48%
0412199,Total,456,274,262,233,88.93%,29,11.07%
0412209,Total,866,524,487,441,90.55%,46,9.45%
0412219,Total,1138,674,635,543,85.51%,92,14.49%
0412229,Total,308,176,162,149,91.98%,13,8.02%
0412239,Total,531,319,301,260,86.38%,41,13.62%
0412249,Total,1148,701,662,568,85.80%,94,14.20%
0412259,Total,566,379,366,340,92.90%,26,7.10%
0412300,Total,674,354,337,292,86.65%,45,13.35%
0506010,Total,768,447,418,307,73.44%,111,26.56%
0506019,Total,1197,701,671,503,74.96%,168,25.04%
0506029,Total,810,468,442,346,78.28%,96,21.72%
0506030,Total,854,493,464,321,69.18%,143,30.82%
0506039,Total,757,404,380,305,80.26%,75,19.74%
0506040,Total,744,447,432,337,78.01%,95,21.99%
0506049,Total,800,441,420,314,74.76%,106,25.24%
0506050,Total,802,448,428,295,68.93%,133,31.07%
0506059,Total,1631,915,863,658,76.25%,205,23.75%
0506069,Total,796,467,447,303,67.79%,144,32.21%
0506079,Total,685,427,413,312,75.54%,101,24.46%
0506089,Total,840,501,475,350,73.68%,125,26.32%
0506099,Total,886,490,457,383,83.81%,74,16.19%
0506100,Total,920,474,432,353,81.71%,79,18.29%
0506109,Total,1718,988,935,738,78.93%,197,21.07%
0506119,Total,1740,902,849,635,74.79%,214,25.21%
0506120,Total,825,406,384,305,79.43%,79,20.57%
0506129,Total,1683,860,824,585,71.00%,239,29.00%
0506139,Total,1372,797,755,552,73.11%,203,26.89%
0506149,Total,1648,921,878,694,79.04%,184,20.96%
0506159,Total,1211,698,668,544,81.44%,124,18.56%
0506169,Total,1442,841,799,633,79.22%,166,20.78%
0506179,Total,1466,770,740,580,78.38%,160,21.62%
0506189,Total,819,480,455,377,82.86%,78,17.14%
0512199,Total,1450,876,839,617,73.54%,222,26.46%
0512209,Total,1217,804,752,577,76.73%,175,23.27%
0512219,Total,700,450,420,304,72.38%,116,27.62%
0512340,Total,832,469,459,335,72.98%,124,27.02%
0611201,Total,34,18,18,13,72.22%,5,27.78%
0620701,Total,0,0,0,0,-,0,-
0620702,Total,7,1,1,1,100.00%,0,0.00%
0621203,Total,244,106,97,84,86.60%,13,13.40%
0621204,Total,269,102,99,83,83.84%,16,16.16%
0621205,Total,175,61,60,49,81.67%,11,18.33%
0630501,Total,15,6,4,4,100.00%,0,0.00%
0631102,Total,127,55,54,47,87.04%,7,12.96%
0631203,Total,108,33,32,28,87.50%,4,12.50%
0631204,Total,223,67,66,60,90.91%,6,9.09%
0631205,Total,213,78,77,56,72.73%,21,27.27%
0640401,Total,0,0,0,0,-,0,-
0641202,Total,228,84,80,47,58.75%,33,41.25%
0641203,Total,132,45,43,30,69.77%,13,30.23%
0641204,Total,24,7,7,6,85.71%,1,14.29%
0641205,Total,3,0,0,0,-,0,-
0641206,Total,4,1,0,0,-,0,-
0641207,Total,1,1,1,1,100.00%,0,0.00%
0641208,Total,14,3,3,3,100.00%,0,0.00%
0641209,Total,241,74,73,57,78.08%,16,21.92%
0641210,Total,13,9,8,7,87.50%,1,12.50%
