pct16,total,voters,count,votes,prop61_yes,yespct,prop61_no,nopct
0109019,Total,867,573,522,291,55.75%,231,44.25%
0109029,Total,1477,1012,909,491,54.02%,418,45.98%
0109039,Total,1251,708,626,338,53.99%,288,46.01%
0109049,Total,700,374,349,204,58.45%,145,41.55%
0109050,Total,798,439,404,241,59.65%,163,40.35%
0109059,Total,1560,836,764,435,56.94%,329,43.06%
0109060,Total,800,513,477,247,51.78%,230,48.22%
0109069,Total,1570,978,875,503,57.49%,372,42.51%
0109079,Total,1474,948,853,491,57.56%,362,42.44%
0109080,Total,1117,671,609,334,54.84%,275,45.16%
0109089,Total,851,543,480,287,59.79%,193,40.21%
0109099,Total,839,505,461,267,57.92%,194,42.08%
0109100,Total,756,486,441,265,60.09%,176,39.91%
0109109,Total,645,313,284,174,61.27%,110,38.73%
0109119,Total,1417,833,766,387,50.52%,379,49.48%
0109129,Total,934,541,490,309,63.06%,181,36.94%
0109130,Total,611,389,355,196,55.21%,159,44.79%
0109139,Total,882,478,434,270,62.21%,164,37.79%
0109149,Total,840,480,439,235,53.53%,204,46.47%
0109159,Total,1488,877,785,396,50.45%,389,49.55%
0109169,Total,687,389,359,218,60.72%,141,39.28%
0109290,Total,814,531,480,278,57.92%,202,42.08%
0109340,Total,806,545,505,279,55.25%,226,44.75%
0109360,Total,903,585,539,260,48.24%,279,51.76%
0109470,Total,887,541,492,313,63.62%,179,36.38%
0112070,Total,689,439,402,245,60.95%,157,39.05%
0112160,Total,849,542,496,294,59.27%,202,40.73%
0112179,Total,1583,1064,1002,533,53.19%,469,46.81%
0112189,Total,1372,838,740,372,50.27%,368,49.73%
0112199,Total,324,190,176,90,51.14%,86,48.86%
0112209,Total,1182,767,684,397,58.04%,287,41.96%
0112219,Total,740,465,414,244,58.94%,170,41.06%
0112229,Total,707,420,376,210,55.85%,166,44.15%
0112239,Total,790,468,432,226,52.31%,206,47.69%
0203019,Total,1338,762,712,526,73.88%,186,26.12%
0203029,Total,1341,762,708,517,73.02%,191,26.98%
0203040,Total,774,465,418,285,68.18%,133,31.82%
0203060,Total,711,430,393,249,63.36%,144,36.64%
0203080,Total,683,444,407,281,69.04%,126,30.96%
0203130,Total,779,444,406,297,73.15%,109,26.85%
0204039,Total,408,228,211,132,62.56%,79,37.44%
0204049,Total,600,312,280,146,52.14%,134,47.86%
0204059,Total,1068,594,532,280,52.63%,252,47.37%
0204069,Total,1107,603,544,314,57.72%,230,42.28%
0204079,Total,666,360,332,193,58.13%,139,41.87%
0204089,Total,1739,964,889,444,49.94%,445,50.06%
0204350,Total,858,476,441,245,55.56%,196,44.44%
0204390,Total,706,376,336,193,57.44%,143,42.56%
0204410,Total,667,395,362,195,53.87%,167,46.13%
0207099,Total,1067,596,548,259,47.26%,289,52.74%
0207180,Total,559,300,264,148,56.06%,116,43.94%
0208100,Total,849,485,432,257,59.49%,175,40.51%
0208109,Total,1464,841,761,446,58.61%,315,41.39%
0208119,Total,1426,772,700,456,65.14%,244,34.86%
0208129,Total,784,420,388,237,61.08%,151,38.92%
0208139,Total,787,428,387,233,60.21%,154,39.79%
0208149,Total,1387,781,697,408,58.54%,289,41.46%
0208160,Total,812,427,389,241,61.95%,148,38.05%
0208240,Total,617,362,327,192,58.72%,135,41.28%
0208250,Total,830,470,414,264,63.77%,150,36.23%
0209159,Total,839,445,418,241,57.66%,177,42.34%
0209169,Total,809,420,377,247,65.52%,130,34.48%
0209179,Total,832,429,390,235,60.26%,155,39.74%
0209189,Total,865,464,430,265,61.63%,165,38.37%
0209199,Total,813,433,390,252,64.62%,138,35.38%
0212209,Total,1002,551,509,266,52.26%,243,47.74%
0212219,Total,909,506,465,250,53.76%,215,46.24%
0212229,Total,644,367,340,209,61.47%,131,38.53%
0212239,Total,1100,604,543,270,49.72%,273,50.28%
0212249,Total,442,238,208,122,58.65%,86,41.35%
0212259,Total,991,557,495,251,50.71%,244,49.29%
0212269,Total,1150,634,578,307,53.11%,271,46.89%
0212300,Total,753,438,400,220,55.00%,180,45.00%
0301019,Total,1496,867,790,379,47.97%,411,52.03%
0305010,Total,814,445,404,250,61.88%,154,38.12%
0305020,Total,646,392,356,211,59.27%,145,40.73%
0305029,Total,789,454,410,253,61.71%,157,38.29%
0305030,Total,820,443,404,261,64.60%,143,35.40%
0305039,Total,1396,785,715,430,60.14%,285,39.86%
0305049,Total,813,435,391,245,62.66%,146,37.34%
0305050,Total,779,414,364,221,60.71%,143,39.29%
0305059,Total,1635,946,847,485,57.26%,362,42.74%
0305069,Total,1714,970,887,541,60.99%,346,39.01%
0305090,Total,707,402,356,214,60.11%,142,39.89%
0310079,Total,1104,596,539,342,63.45%,197,36.55%
0310089,Total,1428,788,723,428,59.20%,295,40.80%
0310099,Total,1278,710,621,364,58.62%,257,41.38%
0310310,Total,732,449,412,249,60.44%,163,39.56%
0310410,Total,920,530,482,269,55.81%,213,44.19%
0311109,Total,1474,738,678,358,52.80%,320,47.20%
0311119,Total,1351,678,610,326,53.44%,284,46.56%
0311129,Total,1528,814,736,393,53.40%,343,46.60%
0311139,Total,1730,873,807,434,53.78%,373,46.22%
0312149,Total,473,277,249,163,65.46%,86,34.54%
0312159,Total,1263,727,661,397,60.06%,264,39.94%
0312169,Total,1617,771,714,431,60.36%,283,39.64%
0312179,Total,742,355,324,184,56.79%,140,43.21%
0312189,Total,1263,702,644,408,63.35%,236,36.65%
0312199,Total,860,338,300,171,57.00%,129,43.00%
0312209,Total,1443,808,736,474,64.40%,262,35.60%
0312219,Total,1150,608,545,293,53.76%,252,46.24%
0312229,Total,429,210,198,114,57.58%,84,42.42%
0312239,Total,1429,808,740,396,53.51%,344,46.49%
0312249,Total,500,271,244,128,52.46%,116,47.54%
0312250,Total,599,343,308,188,61.04%,120,38.96%
0402019,Total,1284,701,626,346,55.27%,280,44.73%
0402029,Total,1445,794,708,384,54.24%,324,45.76%
0402039,Total,707,377,345,176,51.01%,169,48.99%
0402049,Total,1333,723,647,322,49.77%,325,50.23%
0402059,Total,756,381,340,184,54.12%,156,45.88%
0402230,Total,817,435,401,226,56.36%,175,43.64%
0404069,Total,346,202,189,87,46.03%,102,53.97%
0404079,Total,668,292,261,166,63.60%,95,36.40%
0406089,Total,1252,723,658,305,46.35%,353,53.65%
0406099,Total,1238,711,648,256,39.51%,392,60.49%
0406109,Total,1552,895,825,389,47.15%,436,52.85%
0406119,Total,833,472,429,174,40.56%,255,59.44%
0409129,Total,1297,653,587,328,55.88%,259,44.12%
0409460,Total,746,334,297,166,55.89%,131,44.11%
0412139,Total,679,380,352,169,48.01%,183,51.99%
0412149,Total,1163,709,645,422,65.43%,223,34.57%
0412159,Total,440,249,233,140,60.09%,93,39.91%
0412169,Total,771,434,391,281,71.87%,110,28.13%
0412179,Total,990,589,536,406,75.75%,130,24.25%
0412189,Total,795,456,430,180,41.86%,250,58.14%
0412199,Total,456,274,247,160,64.78%,87,35.22%
0412209,Total,866,524,481,323,67.15%,158,32.85%
0412219,Total,1138,674,613,411,67.05%,202,32.95%
0412229,Total,308,176,152,98,64.47%,54,35.53%
0412239,Total,531,319,301,202,67.11%,99,32.89%
0412249,Total,1148,701,638,361,56.58%,277,43.42%
0412259,Total,566,379,352,245,69.60%,107,30.40%
0412300,Total,674,354,322,187,58.07%,135,41.93%
0506010,Total,768,447,404,188,46.53%,216,53.47%
0506019,Total,1197,701,640,319,49.84%,321,50.16%
0506029,Total,810,468,430,230,53.49%,200,46.51%
0506030,Total,854,493,459,228,49.67%,231,50.33%
0506039,Total,757,404,363,203,55.92%,160,44.08%
0506040,Total,744,447,419,213,50.84%,206,49.16%
0506049,Total,800,441,415,221,53.25%,194,46.75%
0506050,Total,802,448,415,205,49.40%,210,50.60%
0506059,Total,1631,915,845,425,50.30%,420,49.70%
0506069,Total,796,467,437,209,47.83%,228,52.17%
0506079,Total,685,427,400,211,52.75%,189,47.25%
0506089,Total,840,501,459,239,52.07%,220,47.93%
0506099,Total,886,490,441,234,53.06%,207,46.94%
0506100,Total,920,474,418,228,54.55%,190,45.45%
0506109,Total,1718,988,910,469,51.54%,441,48.46%
0506119,Total,1740,902,819,393,47.99%,426,52.01%
0506120,Total,825,406,375,191,50.93%,184,49.07%
0506129,Total,1683,860,781,399,51.09%,382,48.91%
0506139,Total,1372,797,736,370,50.27%,366,49.73%
0506149,Total,1648,921,823,455,55.29%,368,44.71%
0506159,Total,1211,698,645,334,51.78%,311,48.22%
0506169,Total,1442,841,777,443,57.01%,334,42.99%
0506179,Total,1466,770,708,394,55.65%,314,44.35%
0506189,Total,819,480,434,235,54.15%,199,45.85%
0512199,Total,1450,876,830,407,49.04%,423,50.96%
0512209,Total,1217,804,733,377,51.43%,356,48.57%
0512219,Total,700,450,412,207,50.24%,205,49.76%
0512340,Total,832,469,439,219,49.89%,220,50.11%
0611201,Total,34,18,18,4,22.22%,14,77.78%
0620701,Total,0,0,0,0,-,0,-
0620702,Total,7,1,1,0,0.00%,1,100.00%
0621203,Total,244,106,89,45,50.56%,44,49.44%
0621204,Total,269,102,97,59,60.82%,38,39.18%
0621205,Total,175,61,56,43,76.79%,13,23.21%
0630501,Total,15,6,3,3,100.00%,0,0.00%
0631102,Total,127,55,48,21,43.75%,27,56.25%
0631203,Total,108,33,31,18,58.06%,13,41.94%
0631204,Total,223,67,60,38,63.33%,22,36.67%
0631205,Total,213,78,74,33,44.59%,41,55.41%
0640401,Total,0,0,0,0,-,0,-
0641202,Total,228,84,80,20,25.00%,60,75.00%
0641203,Total,132,45,43,20,46.51%,23,53.49%
0641204,Total,24,7,7,0,0.00%,7,100.00%
0641205,Total,3,0,0,0,-,0,-
0641206,Total,4,1,0,0,-,0,-
0641207,Total,1,1,0,0,-,0,-
0641208,Total,14,3,3,3,100.00%,0,0.00%
0641209,Total,241,74,73,52,71.23%,21,28.77%
0641210,Total,13,9,8,3,37.50%,5,62.50%
