pct16,total,voters,vote_for,count,votes,prop59_yes,yespct,prop59_no,nopct
077-0011101,Total,466,5,245,221,125,56.56%,96,43.44%
077-0011102,Total,760,5,436,395,216,54.68%,179,45.32%
077-0011103,Total,866,5,437,394,207,52.54%,187,47.46%
077-0011104,Total,1787,5,851,795,438,55.09%,357,44.91%
077-0011105,Total,795,5,351,321,167,52.02%,154,47.98%
077-0011107,Total,743,5,378,337,175,51.93%,162,48.07%
077-0011108,Total,776,5,347,327,168,51.38%,159,48.62%
077-0011109,Total,810,5,416,378,212,56.08%,166,43.92%
077-0011110,Total,1248,5,462,420,246,58.57%,174,41.43%
077-0011111,Total,1354,5,839,752,427,56.78%,325,43.22%
077-0011112,Total,775,5,329,311,168,54.02%,143,45.98%
077-0011114,Total,1637,5,831,762,389,51.05%,373,48.95%
077-0011115,Total,1188,5,678,615,327,53.17%,288,46.83%
077-0011116,Total,1474,5,778,720,386,53.61%,334,46.39%
077-0011117,Total,1599,5,742,680,366,53.82%,314,46.18%
077-0011118,Total,1425,5,879,776,390,50.26%,386,49.74%
077-0011119,Total,455,5,125,116,53,45.69%,63,54.31%
077-0011120,Total,1535,5,785,739,370,50.07%,369,49.93%
077-0011121,Total,1277,5,835,764,401,52.49%,363,47.51%
077-0011122,Total,1618,5,805,739,379,51.29%,360,48.71%
077-0011124,Total,804,5,425,394,188,47.72%,206,52.28%
077-0011125,Total,1438,5,1017,930,534,57.42%,396,42.58%
077-0011127,Total,1490,5,904,848,410,48.35%,438,51.65%
077-0011130,Total,468,5,251,223,104,46.64%,119,53.36%
077-0011134,Total,722,5,414,382,200,52.36%,182,47.64%
077-0011137,Total,838,5,514,480,244,50.83%,236,49.17%
077-0011140,Total,670,5,334,296,149,50.34%,147,49.66%
077-0011142,Total,1622,5,1031,943,498,52.81%,445,47.19%
077-0011146,Total,917,5,596,535,301,56.26%,234,43.74%
077-0011147,Total,863,5,462,428,221,51.64%,207,48.36%
077-0011149,Total,1343,5,852,771,396,51.36%,375,48.64%
077-0011151,Total,1307,5,673,616,294,47.73%,322,52.27%
077-0011152,Total,1013,5,722,656,374,57.01%,282,42.99%
077-0011155,Total,705,5,336,313,154,49.20%,159,50.80%
077-0011157,Total,1053,5,587,551,298,54.08%,253,45.92%
077-0011158,Total,896,5,519,486,261,53.70%,225,46.30%
077-0011164,Total,959,5,558,512,242,47.27%,270,52.73%
077-0011168,Total,1016,5,605,562,319,56.76%,243,43.24%
077-0011169,Total,1702,5,1126,1021,553,54.16%,468,45.84%
077-0011201,Total,1313,5,991,909,456,50.17%,453,49.83%
077-0011203,Total,1301,5,1066,954,460,48.22%,494,51.78%
077-0011205,Total,448,5,362,338,147,43.49%,191,56.51%
077-0011206,Total,1300,5,1013,936,437,46.69%,499,53.31%
077-0011208,Total,1431,5,775,690,355,51.45%,335,48.55%
077-0011209,Total,794,5,643,579,271,46.80%,308,53.20%
077-0011211,Total,1470,5,853,777,415,53.41%,362,46.59%
077-0011212,Total,707,5,412,357,176,49.30%,181,50.70%
077-0011214,Total,1392,5,647,582,317,54.47%,265,45.53%
077-0011215,Total,1188,5,590,534,268,50.19%,266,49.81%
077-0011216,Total,768,5,326,300,144,48.00%,156,52.00%
077-0011217,Total,1448,5,1148,1031,621,60.23%,410,39.77%
077-0011218,Total,798,5,505,449,228,50.78%,221,49.22%
077-0011219,Total,1103,5,877,807,439,54.40%,368,45.60%
077-0011220,Total,655,5,365,337,175,51.93%,162,48.07%
077-0011221,Total,894,5,617,573,317,55.32%,256,44.68%
077-0011224,Total,1085,5,688,622,360,57.88%,262,42.12%
077-0011226,Total,1575,5,885,801,401,50.06%,400,49.94%
077-0011227,Total,748,5,454,414,213,51.45%,201,48.55%
077-0011228,Total,613,5,394,367,192,52.32%,175,47.68%
077-0011229,Total,1467,5,1089,993,532,53.58%,461,46.42%
077-0011230,Total,795,5,573,527,240,45.54%,287,54.46%
077-0011232,Total,1436,5,893,801,387,48.31%,414,51.69%
077-0011233,Total,590,5,450,420,235,55.95%,185,44.05%
077-0011235,Total,657,5,347,316,167,52.85%,149,47.15%
077-0011237,Total,1140,5,573,521,261,50.10%,260,49.90%
077-0011238,Total,1741,5,1205,1097,563,51.32%,534,48.68%
077-0011241,Total,1091,5,763,686,366,53.35%,320,46.65%
077-0011242,Total,1446,5,944,858,419,48.83%,439,51.17%
077-0011243,Total,1379,5,906,822,426,51.82%,396,48.18%
077-0011245,Total,988,5,710,653,328,50.23%,325,49.77%
077-0011249,Total,1445,5,880,787,421,53.49%,366,46.51%
077-0011251,Total,1103,5,628,576,306,53.13%,270,46.88%
077-0011253,Total,1469,5,780,714,366,51.26%,348,48.74%
077-0011254,Total,1170,5,661,602,345,57.31%,257,42.69%
077-0011255,Total,1428,5,863,760,383,50.39%,377,49.61%
077-0011256,Total,975,5,598,540,277,51.30%,263,48.70%
077-0011258,Total,1688,5,1039,937,515,54.96%,422,45.04%
077-0011259,Total,540,5,428,392,187,47.70%,205,52.30%
077-0011263,Total,939,5,539,499,268,53.71%,231,46.29%
077-0011265,Total,565,5,407,372,201,54.03%,171,45.97%
077-0011266,Total,1469,5,861,774,423,54.65%,351,45.35%
077-0011270,Total,1511,5,735,683,363,53.15%,320,46.85%
077-0011271,Total,900,5,532,493,263,53.35%,230,46.65%
077-0011272,Total,2048,5,1233,1138,605,53.16%,533,46.84%
077-0011274,Total,572,5,313,281,122,43.42%,159,56.58%
077-0011275,Total,1374,5,806,737,340,46.13%,397,53.87%
077-0011278,Total,875,5,401,368,183,49.73%,185,50.27%
077-0011302,Total,1315,5,788,701,370,52.78%,331,47.22%
077-0011303,Total,1313,5,994,910,432,47.47%,478,52.53%
077-0011304,Total,852,5,669,611,307,50.25%,304,49.75%
077-0011305,Total,1638,5,1372,1246,586,47.03%,660,52.97%
077-0011306,Total,830,5,494,448,225,50.22%,223,49.78%
077-0011307,Total,947,5,610,552,280,50.72%,272,49.28%
077-0011308,Total,1154,5,876,785,405,51.59%,380,48.41%
077-0011309,Total,952,5,721,644,331,51.40%,313,48.60%
077-0011310,Total,811,5,552,512,234,45.70%,278,54.30%
077-0011311,Total,789,5,589,540,276,51.11%,264,48.89%
077-0011312,Total,1464,5,1016,917,470,51.25%,447,48.75%
077-0011314,Total,1326,5,906,789,421,53.36%,368,46.64%
077-0011315,Total,1545,5,821,754,343,45.49%,411,54.51%
077-0011316,Total,680,5,438,404,199,49.26%,205,50.74%
077-0011317,Total,708,5,408,386,179,46.37%,207,53.63%
077-0011319,Total,418,5,293,275,128,46.55%,147,53.45%
077-0011320,Total,1535,5,1094,983,521,53.00%,462,47.00%
077-0011321,Total,1538,5,1111,1019,472,46.32%,547,53.68%
077-0011322,Total,1451,5,749,693,371,53.54%,322,46.46%
077-0011323,Total,1530,5,923,840,426,50.71%,414,49.29%
077-0011324,Total,1008,5,694,631,293,46.43%,338,53.57%
077-0011325,Total,1549,5,1218,1092,536,49.08%,556,50.92%
077-0011326,Total,674,5,499,448,222,49.55%,226,50.45%
077-0011327,Total,1838,5,1141,1049,504,48.05%,545,51.95%
077-0011332,Total,1746,5,1253,1130,542,47.96%,588,52.04%
077-0011333,Total,692,5,526,484,262,54.13%,222,45.87%
077-0011335,Total,1399,5,1043,958,454,47.39%,504,52.61%
077-0011338,Total,1231,5,830,751,341,45.41%,410,54.59%
077-0011342,Total,681,5,390,354,188,53.11%,166,46.89%
077-0011343,Total,678,5,501,457,222,48.58%,235,51.42%
077-0011345,Total,683,5,505,450,242,53.78%,208,46.22%
077-0011346,Total,711,5,533,500,233,46.60%,267,53.40%
077-0011348,Total,789,5,623,562,270,48.04%,292,51.96%
077-0033501,Total,1025,5,681,621,329,52.98%,292,47.02%
077-0033502,Total,1259,5,971,881,466,52.89%,415,47.11%
077-0033503,Total,920,5,663,600,290,48.33%,310,51.67%
077-0033504,Total,1263,5,890,802,353,44.01%,449,55.99%
077-0033505,Total,1660,5,1120,1027,494,48.10%,533,51.90%
077-0033507,Total,1404,5,1002,921,483,52.44%,438,47.56%
077-0033509,Total,1799,5,1265,1164,587,50.43%,577,49.57%
077-0033512,Total,638,5,427,379,182,48.02%,197,51.98%
077-0033513,Total,554,5,339,306,158,51.63%,148,48.37%
077-0033514,Total,1208,5,928,833,434,52.10%,399,47.90%
077-0033515,Total,869,5,606,552,287,51.99%,265,48.01%
077-0033517,Total,892,5,623,550,290,52.73%,260,47.27%
077-0033518,Total,1059,5,785,700,359,51.29%,341,48.71%
077-0033520,Total,1713,5,1303,1169,595,50.90%,574,49.10%
077-0033522,Total,1156,5,812,735,366,49.80%,369,50.20%
077-0033523,Total,1104,5,796,723,362,50.07%,361,49.93%
077-0033524,Total,872,5,678,602,304,50.50%,298,49.50%
077-0033525,Total,1465,5,1049,944,464,49.15%,480,50.85%
077-0033527,Total,831,5,655,600,300,50.00%,300,50.00%
077-0033529,Total,704,5,530,481,235,48.86%,246,51.14%
077-0033530,Total,790,5,591,536,296,55.22%,240,44.78%
077-0033532,Total,1051,5,776,718,348,48.47%,370,51.53%
077-0033533,Total,752,5,562,520,255,49.04%,265,50.96%
077-0033534,Total,1244,5,926,837,432,51.61%,405,48.39%
077-0033535,Total,1024,5,762,692,332,47.98%,360,52.02%
077-0033537,Total,657,5,465,407,224,55.04%,183,44.96%
077-0033540,Total,1821,5,1277,1143,588,51.44%,555,48.56%
077-0033542,Total,1044,5,726,658,333,50.61%,325,49.39%
077-0033543,Total,865,5,684,622,328,52.73%,294,47.27%
077-0033545,Total,961,5,768,686,358,52.19%,328,47.81%
077-0033546,Total,1865,5,1419,1283,664,51.75%,619,48.25%
077-0033547,Total,987,5,741,668,354,52.99%,314,47.01%
077-0033548,Total,611,5,450,393,179,45.55%,214,54.45%
077-0033551,Total,1017,5,781,717,389,54.25%,328,45.75%
077-0033552,Total,1368,5,1014,922,477,51.74%,445,48.26%
077-0033554,Total,1101,5,843,751,396,52.73%,355,47.27%
077-0042401,Total,975,5,719,672,299,44.49%,373,55.51%
077-0042402,Total,1240,5,1058,964,402,41.70%,562,58.30%
077-0042403,Total,1257,5,700,659,317,48.10%,342,51.90%
077-0042404,Total,1447,5,1063,960,446,46.46%,514,53.54%
077-0042405,Total,1380,5,816,760,350,46.05%,410,53.95%
077-0042406,Total,1755,5,1340,1209,523,43.26%,686,56.74%
077-0042407,Total,1053,5,760,679,272,40.06%,407,59.94%
077-0042408,Total,1196,5,859,747,340,45.52%,407,54.48%
077-0042410,Total,682,5,495,444,189,42.57%,255,57.43%
077-0042411,Total,757,5,602,544,217,39.89%,327,60.11%
077-0042412,Total,672,5,458,422,182,43.13%,240,56.87%
077-0042413,Total,1213,5,921,853,343,40.21%,510,59.79%
077-0042414,Total,885,5,564,502,219,43.63%,283,56.37%
077-0042416,Total,886,5,747,682,279,40.91%,403,59.09%
077-0042417,Total,664,5,522,482,177,36.72%,305,63.28%
077-0042418,Total,1406,5,1062,963,387,40.19%,576,59.81%
077-0042419,Total,954,5,683,630,242,38.41%,388,61.59%
077-0042420,Total,519,5,388,344,140,40.70%,204,59.30%
077-0042421,Total,903,5,730,670,269,40.15%,401,59.85%
077-0042422,Total,554,5,462,414,169,40.82%,245,59.18%
077-0042423,Total,1129,5,941,858,308,35.90%,550,64.10%
077-0042424,Total,736,5,585,522,239,45.79%,283,54.21%
077-0042426,Total,1129,5,834,758,344,45.38%,414,54.62%
077-0042430,Total,586,5,434,398,165,41.46%,233,58.54%
077-0042432,Total,974,5,795,715,286,40.00%,429,60.00%
077-0042433,Total,675,5,570,521,208,39.92%,313,60.08%
077-0042437,Total,882,5,470,429,205,47.79%,224,52.21%
077-0042439,Total,935,5,769,684,274,40.06%,410,59.94%
077-0042441,Total,937,5,740,660,275,41.67%,385,58.33%
077-0042444,Total,835,5,484,450,211,46.89%,239,53.11%
077-0042446,Total,903,5,621,571,283,49.56%,288,50.44%
077-0042449,Total,925,5,713,653,275,42.11%,378,57.89%
077-0054301,Total,1466,5,1112,1013,452,44.62%,561,55.38%
077-0054302,Total,1569,5,1160,1056,483,45.74%,573,54.26%
077-0054304,Total,844,5,636,551,245,44.46%,306,55.54%
077-0054305,Total,902,5,624,573,284,49.56%,289,50.44%
077-0054306,Total,781,5,529,476,231,48.53%,245,51.47%
077-0054307,Total,1204,5,870,803,355,44.21%,448,55.79%
077-0054310,Total,1332,5,932,882,388,43.99%,494,56.01%
077-0054311,Total,1602,5,1011,924,422,45.67%,502,54.33%
077-0054312,Total,372,5,229,202,94,46.53%,108,53.47%
077-0054313,Total,666,5,457,402,188,46.77%,214,53.23%
077-0054314,Total,1513,5,1088,993,443,44.61%,550,55.39%
077-0054318,Total,1799,5,1684,1559,721,46.25%,838,53.75%
077-0054320,Total,956,5,669,619,256,41.36%,363,58.64%
077-0054321,Total,933,5,594,549,249,45.36%,300,54.64%
077-0054322,Total,1318,5,932,842,373,44.30%,469,55.70%
077-0054323,Total,336,5,211,194,105,54.12%,89,45.88%
077-0054324,Total,739,5,563,516,241,46.71%,275,53.29%
077-0054325,Total,1678,5,1294,1177,550,46.73%,627,53.27%
077-0054327,Total,892,5,746,679,330,48.60%,349,51.40%
077-0054501,Total,956,5,639,584,252,43.15%,332,56.85%
077-0054502,Total,1070,5,664,606,273,45.05%,333,54.95%
077-0054503,Total,878,5,681,599,289,48.25%,310,51.75%
077-0054504,Total,775,5,523,479,219,45.72%,260,54.28%
077-0054505,Total,1502,5,1137,1032,465,45.06%,567,54.94%
077-0054508,Total,1223,5,897,788,382,48.48%,406,51.52%
077-0054509,Total,565,5,406,383,192,50.13%,191,49.87%
077-0054510,Total,1301,5,935,856,381,44.51%,475,55.49%
077-0054511,Total,669,5,496,465,197,42.37%,268,57.63%
077-0054512,Total,736,5,565,515,237,46.02%,278,53.98%
077-0054514,Total,1007,5,776,707,330,46.68%,377,53.32%
077-0054515,Total,1267,5,879,781,363,46.48%,418,53.52%
077-0054520,Total,860,5,627,563,291,51.69%,272,48.31%
077-0054521,Total,848,5,647,572,298,52.10%,274,47.90%
077-0054522,Total,717,5,520,463,222,47.95%,241,52.05%
077-0054523,Total,453,5,347,317,165,52.05%,152,47.95%
077-0064401,Total,394,5,327,288,124,43.06%,164,56.94%
077-0064402,Total,813,5,655,593,254,42.83%,339,57.17%
077-0064403,Total,706,5,508,465,207,44.52%,258,55.48%
077-0064404,Total,634,5,483,435,181,41.61%,254,58.39%
077-0064405,Total,454,5,365,324,106,32.72%,218,67.28%
077-0064406,Total,498,5,408,367,151,41.14%,216,58.86%
077-0074401,Total,1220,5,1017,938,324,34.54%,614,65.46%
077-0074402,Total,1404,5,1070,980,371,37.86%,609,62.14%
077-0074404,Total,669,5,476,423,161,38.06%,262,61.94%
077-0074405,Total,690,5,545,489,208,42.54%,281,57.46%
077-0074406,Total,780,5,645,570,194,34.04%,376,65.96%
077-0074407,Total,568,5,495,453,170,37.53%,283,62.47%
077-0074408,Total,913,5,781,706,271,38.39%,435,61.61%
077-0074410,Total,936,5,780,701,232,33.10%,469,66.90%
077-0074411,Total,669,5,548,504,201,39.88%,303,60.12%
077-0074412,Total,835,5,668,612,233,38.07%,379,61.93%
077-0084301,Total,1016,5,687,626,308,49.20%,318,50.80%
077-0084302,Total,1417,5,928,866,402,46.42%,464,53.58%
077-0084303,Total,953,5,666,601,322,53.58%,279,46.42%
077-0084305,Total,657,5,447,420,192,45.71%,228,54.29%
077-0084306,Total,639,5,440,386,221,57.25%,165,42.75%
077-0084307,Total,982,5,626,562,309,54.98%,253,45.02%
077-0084309,Total,961,5,693,622,338,54.34%,284,45.66%
077-0084310,Total,996,5,703,645,332,51.47%,313,48.53%
077-0084312,Total,1250,5,953,857,464,54.14%,393,45.86%
077-0084501,Total,510,5,415,363,209,57.58%,154,42.42%
077-0091101,Total,467,5,260,242,149,61.57%,93,38.43%
077-0091102,Total,330,5,199,185,89,48.11%,96,51.89%
077-0091103,Total,296,5,144,136,66,48.53%,70,51.47%
077-0091105,Total,409,5,225,217,114,52.53%,103,47.47%
077-0091107,Total,1218,5,632,595,293,49.24%,302,50.76%
077-0091111,Total,1357,5,865,810,399,49.26%,411,50.74%
077-0091113,Total,834,5,494,455,200,43.96%,255,56.04%
077-0091114,Total,782,5,512,471,254,53.93%,217,46.07%
077-0091115,Total,1209,5,803,739,344,46.55%,395,53.45%
077-0091121,Total,309,5,182,170,86,50.59%,84,49.41%
077-0091204,Total,584,5,342,318,171,53.77%,147,46.23%
077-0091205,Total,308,5,257,237,97,40.93%,140,59.07%
077-0091206,Total,476,5,231,221,107,48.42%,114,51.58%
077-0091207,Total,1004,5,472,438,195,44.52%,243,55.48%
077-0091208,Total,412,5,233,217,111,51.15%,106,48.85%
077-0091209,Total,1263,5,917,850,406,47.76%,444,52.24%
077-0091211,Total,1071,5,760,693,349,50.36%,344,49.64%
077-0091213,Total,357,5,255,229,94,41.05%,135,58.95%
077-0091216,Total,859,5,521,472,227,48.09%,245,51.91%
077-0091217,Total,783,5,440,418,200,47.85%,218,52.15%
077-0091218,Total,709,5,374,342,146,42.69%,196,57.31%
077-0091219,Total,1098,5,569,528,261,49.43%,267,50.57%
077-0091225,Total,445,5,236,224,110,49.11%,114,50.89%
077-0091227,Total,506,5,339,312,135,43.27%,177,56.73%
077-0091301,Total,1063,5,797,720,333,46.25%,387,53.75%
077-0091303,Total,1381,5,947,880,405,46.02%,475,53.98%
077-0091305,Total,678,5,545,480,218,45.42%,262,54.58%
077-0091402,Total,1337,5,1080,992,397,40.02%,595,59.98%
077-0091404,Total,660,5,533,497,151,30.38%,346,69.62%
077-0091405,Total,829,5,640,586,222,37.88%,364,62.12%
077-0091407,Total,756,5,551,517,207,40.04%,310,59.96%
077-0091408,Total,538,5,429,382,144,37.70%,238,62.30%
077-0091409,Total,872,5,651,599,284,47.41%,315,52.59%
077-0091411,Total,956,5,671,604,280,46.36%,324,53.64%
077-0091412,Total,561,5,460,419,190,45.35%,229,54.65%
077-0091414,Total,763,5,565,513,218,42.50%,295,57.50%
077-0091415,Total,848,5,648,591,201,34.01%,390,65.99%
077-0092401,Total,541,5,414,379,153,40.37%,226,59.63%
077-0092402,Total,850,5,622,572,240,41.96%,332,58.04%
077-0092403,Total,361,5,279,264,102,38.64%,162,61.36%
077-0092404,Total,1089,5,838,766,300,39.16%,466,60.84%
077-0092405,Total,326,5,261,239,87,36.40%,152,63.60%
077-0092406,Total,1404,5,1092,993,380,38.27%,613,61.73%
077-0092407,Total,545,5,454,419,126,30.07%,293,69.93%
077-0092408,Total,1307,5,1049,958,337,35.18%,621,64.82%
077-0092409,Total,926,5,737,680,255,37.50%,425,62.50%
077-0092410,Total,717,5,498,466,188,40.34%,278,59.66%
077-0092411,Total,969,5,780,709,260,36.67%,449,63.33%
077-0092412,Total,540,5,426,402,167,41.54%,235,58.46%
077-0092413,Total,368,5,284,257,84,32.68%,173,67.32%
077-0092414,Total,445,5,355,318,153,48.11%,165,51.89%
077-0092416,Total,672,5,538,504,177,35.12%,327,64.88%
077-0092418,Total,858,5,697,648,228,35.19%,420,64.81%
077-0092419,Total,991,5,753,697,275,39.45%,422,60.55%
077-0092420,Total,912,5,718,666,271,40.69%,395,59.31%
077-0092422,Total,330,5,250,236,112,47.46%,124,52.54%
077-0092424,Total,595,5,475,438,160,36.53%,278,63.47%
077-0092432,Total,415,5,319,293,137,46.76%,156,53.24%
077-0093501,Total,1566,5,1260,1144,516,45.10%,628,54.90%
077-0093502,Total,494,5,379,349,146,41.83%,203,58.17%
077-0093503,Total,413,5,309,277,116,41.88%,161,58.12%
077-0093504,Total,514,5,366,318,130,40.88%,188,59.12%
077-0093505,Total,725,5,586,515,246,47.77%,269,52.23%
077-0093511,Total,1210,5,990,905,527,58.23%,378,41.77%
077-0093521,Total,1000,5,775,696,409,58.76%,287,41.24%
077-0093522,Total,1025,5,798,712,411,57.72%,301,42.28%
077-0093523,Total,1081,5,787,704,413,58.66%,291,41.34%
077-0093524,Total,380,5,303,282,110,39.01%,172,60.99%
077-0093531,Total,1499,5,1142,1030,614,59.61%,416,40.39%
077-0094101,Total,969,5,641,591,257,43.49%,334,56.51%
077-0094309,Total,779,5,572,528,239,45.27%,289,54.73%
077-0094310,Total,314,5,239,214,62,28.97%,152,71.03%
077-0094402,Total,311,5,251,224,83,37.05%,141,62.95%
077-0094403,Total,412,5,344,328,99,30.18%,229,69.82%
077-0094405,Total,538,5,430,402,129,32.09%,273,67.91%
077-0094408,Total,1163,5,912,833,319,38.30%,514,61.70%
077-0094410,Total,415,5,333,313,129,41.21%,184,58.79%
077-0094501,Total,576,5,420,378,175,46.30%,203,53.70%
077-0094503,Total,319,5,275,263,70,26.62%,193,73.38%
077-0094504,Total,556,5,430,397,138,34.76%,259,65.24%
077-0111120,Total,65,5,32,30,11,36.67%,19,63.33%
077-0111130,Total,298,5,126,112,62,55.36%,50,44.64%
077-0111190,Total,256,5,123,110,55,50.00%,55,50.00%
077-0111230,Total,454,5,178,162,73,45.06%,89,54.94%
077-0111310,Total,5,5,6,6,2,33.33%,4,66.67%
077-0111311,Total,0,5,0,0,0,0,0,0
077-0111320,Total,0,5,0,0,0,0,0,0
077-0111410,Total,0,5,0,0,0,0,0,0
077-0111430,Total,0,5,0,0,0,0,0,0
077-0111431,Total,0,5,0,0,0,0,0,0
077-0111440,Total,3,5,1,1,1,100.00%,0,0.00%
077-0111441,Total,3,5,3,3,1,33.33%,2,66.67%
077-0111510,Total,116,5,69,68,32,47.06%,36,52.94%
077-0111530,Total,226,5,152,140,86,61.43%,54,38.57%
077-0111750,Total,23,5,11,10,5,50.00%,5,50.00%
077-0111751,Total,1,5,1,1,1,100.00%,0,0.00%
077-0112330,Total,252,5,144,135,68,50.37%,67,49.63%
077-0112600,Total,186,5,94,86,48,55.81%,38,44.19%
077-0113010,Total,5,5,4,4,4,100.00%,0,0.00%
077-0113130,Total,24,5,22,22,10,45.45%,12,54.55%
077-0113310,Total,264,5,190,175,99,56.57%,76,43.43%
077-0113420,Total,0,5,0,0,0,0,0,0
077-0113430,Total,83,5,72,69,38,55.07%,31,44.93%
077-0113900,Total,0,5,0,0,0,0,0,0
077-0335070,Total,15,5,9,9,5,55.56%,4,44.44%
077-0335071,Total,14,5,11,10,1,10.00%,9,90.00%
077-0335120,Total,0,5,0,0,0,0,0,0
077-0335280,Total,8,5,5,4,4,100.00%,0,0.00%
077-0335310,Total,2,5,1,1,1,100.00%,0,0.00%
077-0335311,Total,8,5,8,7,1,14.29%,6,85.71%
077-0335440,Total,14,5,13,13,4,30.77%,9,69.23%
077-0335540,Total,208,5,170,151,87,57.62%,64,42.38%
077-0335550,Total,2,5,2,2,2,100.00%,0,0.00%
077-0335560,Total,3,5,3,3,1,33.33%,2,66.67%
077-0424360,Total,0,5,0,0,0,0,0,0
077-0424500,Total,17,5,13,13,5,38.46%,8,61.54%
077-0543040,Total,44,5,34,32,4,12.50%,28,87.50%
077-0543080,Total,0,5,0,0,0,0,0,0
077-0543090,Total,335,5,222,205,108,52.68%,97,47.32%
077-0543280,Total,3,5,2,2,1,50.00%,1,50.00%
077-0545060,Total,20,5,18,17,3,17.65%,14,82.35%
077-0545061,Total,2,5,2,2,0,0.00%,2,100.00%
077-0545070,Total,46,5,34,31,15,48.39%,16,51.61%
077-0545200,Total,365,5,319,301,169,56.15%,132,43.85%
077-0545201,Total,8,5,8,8,7,87.50%,1,12.50%
077-0644010,Total,244,5,196,180,77,42.78%,103,57.22%
077-0644050,Total,179,5,149,138,68,49.28%,70,50.72%
077-0644060,Total,29,5,22,20,8,40.00%,12,60.00%
077-0835010,Total,0,5,0,0,0,0,0,0
077-0843080,Total,32,5,23,22,14,63.64%,8,36.36%
077-0843110,Total,9,5,7,6,4,66.67%,2,33.33%
077-0845020,Total,0,5,0,0,0,0,0,0
077-0845030,Total,5,5,5,5,4,80.00%,1,20.00%
077-0911040,Total,177,5,122,115,64,55.65%,51,44.35%
077-0911050,Total,94,5,44,39,28,71.79%,11,28.21%
077-0911060,Total,256,5,148,136,57,41.91%,79,58.09%
077-0911080,Total,36,5,18,18,8,44.44%,10,55.56%
077-0911100,Total,36,5,29,28,13,46.43%,15,53.57%
077-0911101,Total,30,5,19,19,8,42.11%,11,57.89%
077-0911130,Total,21,5,9,5,4,80.00%,1,20.00%
077-0911200,Total,105,5,68,64,23,35.94%,41,64.06%
077-0911210,Total,71,5,49,47,21,44.68%,26,55.32%
077-0911900,Total,0,5,0,0,0,0,0,0
077-0912010,Total,69,5,47,44,16,36.36%,28,63.64%
077-0912020,Total,15,5,7,7,2,28.57%,5,71.43%
077-0912030,Total,242,5,190,175,86,49.14%,89,50.86%
077-0912031,Total,119,5,61,52,30,57.69%,22,42.31%
077-0912060,Total,39,5,24,23,5,21.74%,18,78.26%
077-0912090,Total,201,5,139,131,71,54.20%,60,45.80%
077-0912140,Total,20,5,16,15,6,40.00%,9,60.00%
077-0912160,Total,3,5,0,0,0,0,0,0
077-0912210,Total,2,5,2,2,2,100.00%,0,0.00%
077-0912211,Total,279,5,164,154,64,41.56%,90,58.44%
077-0912260,Total,0,5,0,0,0,0,0,0
077-0913040,Total,8,5,5,5,4,80.00%,1,20.00%
077-0913050,Total,4,5,3,3,3,100.00%,0,0.00%
077-0913070,Total,138,5,101,97,47,48.45%,50,51.55%
077-0913071,Total,117,5,85,83,45,54.22%,38,45.78%
077-0913080,Total,140,5,126,118,46,38.98%,72,61.02%
077-0913090,Total,111,5,88,79,36,45.57%,43,54.43%
077-0914010,Total,250,5,161,153,61,39.87%,92,60.13%
077-0914060,Total,93,5,81,75,20,26.67%,55,73.33%
077-0914080,Total,89,5,73,66,26,39.39%,40,60.61%
077-0914100,Total,243,5,172,155,47,30.32%,108,69.68%
077-0914130,Total,35,5,24,23,11,47.83%,12,52.17%
077-0914131,Total,22,5,19,19,5,26.32%,14,73.68%
077-0914170,Total,71,5,51,47,31,65.96%,16,34.04%
077-0914180,Total,89,5,69,66,34,51.52%,32,48.48%
077-0914181,Total,42,5,34,32,14,43.75%,18,56.25%
077-0923010,Total,17,5,12,11,4,36.36%,7,63.64%
077-0924010,Total,180,5,145,137,35,25.55%,102,74.45%
077-0924020,Total,120,5,100,89,24,26.97%,65,73.03%
077-0924060,Total,43,5,32,29,7,24.14%,22,75.86%
077-0924140,Total,65,5,54,52,19,36.54%,33,63.46%
077-0924170,Total,230,5,183,171,63,36.84%,108,63.16%
077-0924250,Total,14,5,11,11,3,27.27%,8,72.73%
077-0924260,Total,29,5,20,18,7,38.89%,11,61.11%
077-0924280,Total,6,5,5,3,1,33.33%,2,66.67%
077-0924330,Total,62,5,42,37,12,32.43%,25,67.57%
077-0924331,Total,229,5,171,151,38,25.17%,113,74.83%
077-0933010,Total,124,5,93,83,26,31.33%,57,68.67%
077-0933020,Total,189,5,122,112,47,41.96%,65,58.04%
077-0933030,Total,44,5,33,31,13,41.94%,18,58.06%
077-0933031,Total,1,5,1,1,0,0.00%,1,100.00%
077-0935030,Total,165,5,105,97,39,40.21%,58,59.79%
077-0935040,Total,24,5,19,17,5,29.41%,12,70.59%
077-0935070,Total,128,5,96,89,39,43.82%,50,56.18%
077-0935080,Total,240,5,171,154,47,30.52%,107,69.48%
077-0935090,Total,40,5,29,24,5,20.83%,19,79.17%
077-0935100,Total,182,5,145,129,68,52.71%,61,47.29%
077-0935110,Total,81,5,52,48,17,35.42%,31,64.58%
077-0935120,Total,36,5,26,23,15,65.22%,8,34.78%
077-0935130,Total,24,5,21,21,6,28.57%,15,71.43%
077-0935150,Total,210,5,175,155,65,41.94%,90,58.06%
077-0935250,Total,0,5,0,0,0,0,0,0
077-0935260,Total,28,5,17,17,0,0.00%,17,100.00%
077-0935261,Total,74,5,53,39,16,41.03%,23,58.97%
077-0935270,Total,41,5,30,28,8,28.57%,20,71.43%
077-0935280,Total,2,5,1,1,1,100.00%,0,0.00%
077-0935290,Total,15,5,12,10,3,30.00%,7,70.00%
077-0935300,Total,8,5,8,7,3,42.86%,4,57.14%
077-0935301,Total,0,5,0,0,0,0,0,0
077-0941020,Total,6,5,1,1,1,100.00%,0,0.00%
077-0941021,Total,7,5,1,1,1,100.00%,0,0.00%
077-0941030,Total,52,5,41,37,13,35.14%,24,64.86%
077-0941040,Total,41,5,32,32,8,25.00%,24,75.00%
077-0941050,Total,188,5,123,117,57,48.72%,60,51.28%
077-0941060,Total,135,5,59,57,32,56.14%,25,43.86%
077-0941070,Total,191,5,138,121,54,44.63%,67,55.37%
077-0941100,Total,19,5,11,10,6,60.00%,4,40.00%
077-0941101,Total,7,5,7,7,3,42.86%,4,57.14%
077-0941110,Total,17,5,12,12,3,25.00%,9,75.00%
077-0941111,Total,0,5,0,0,0,0,0,0
077-0941120,Total,158,5,104,97,39,40.21%,58,59.79%
077-0943010,Total,104,5,65,58,23,39.66%,35,60.34%
077-0943020,Total,135,5,103,98,43,43.88%,55,56.12%
077-0943021,Total,112,5,77,69,37,53.62%,32,46.38%
077-0943030,Total,228,5,160,148,48,32.43%,100,67.57%
077-0943040,Total,85,5,62,55,24,43.64%,31,56.36%
077-0943050,Total,242,5,201,191,80,41.88%,111,58.12%
077-0943051,Total,15,5,8,8,3,37.50%,5,62.50%
077-0943052,Total,174,5,118,105,33,31.43%,72,68.57%
077-0943070,Total,62,5,48,40,20,50.00%,20,50.00%
077-0943080,Total,126,5,100,95,38,40.00%,57,60.00%
077-0943090,Total,1,5,0,0,0,0,0,0
077-0943100,Total,3,5,3,2,2,100.00%,0,0.00%
077-0943110,Total,2,5,0,0,0,0,0,0
077-0943130,Total,66,5,43,41,17,41.46%,24,58.54%
077-0944010,Total,42,5,37,34,13,38.24%,21,61.76%
077-0944020,Total,11,5,7,7,3,42.86%,4,57.14%
077-0944021,Total,4,5,2,2,0,0.00%,2,100.00%
077-0944040,Total,69,5,64,61,18,29.51%,43,70.49%
077-0944041,Total,187,5,162,155,54,34.84%,101,65.16%
077-0944050,Total,249,5,200,179,56,31.28%,123,68.72%
077-0944060,Total,217,5,185,171,54,31.58%,117,68.42%
077-0944061,Total,179,5,144,131,43,32.82%,88,67.18%
077-0944070,Total,167,5,125,113,39,34.51%,74,65.49%
077-0944090,Total,216,5,188,173,66,38.15%,107,61.85%
077-0944091,Total,81,5,65,63,18,28.57%,45,71.43%
077-0944130,Total,36,5,29,26,4,15.38%,22,84.62%
077-0945020,Total,0,5,0,0,0,0,0,0
077-0945030,Total,4,5,4,4,1,25.00%,3,75.00%
077-0945031,Total,10,5,5,5,1,20.00%,4,80.00%
077-0945032,Total,0,5,0,0,0,0,0,0
077-0945040,Total,42,5,26,24,7,29.17%,17,70.83%
077-0945050,Total,3,5,3,3,2,66.67%,1,33.33%
077-0945051,Total,134,5,80,70,31,44.29%,39,55.71%
077-0945060,Total,260,5,189,170,70,41.18%,100,58.82%
077-0945061,Total,0,5,0,0,0,0,0,0
077-0945062,Total,0,5,0,0,0,0,0,0
077-0945063,Total,15,5,12,11,5,45.45%,6,54.55%
