pct16,total,voters,vote_for,count,votes,prop61_yes,yespct,prop61_no,nopct
077-0011101,Total,466,5,245,231,116,50.22%,115,49.78%
077-0011102,Total,760,5,436,412,195,47.33%,217,52.67%
077-0011103,Total,866,5,437,412,168,40.78%,244,59.22%
077-0011104,Total,1787,5,851,816,375,45.96%,441,54.04%
077-0011105,Total,795,5,351,333,155,46.55%,178,53.45%
077-0011107,Total,743,5,378,351,166,47.29%,185,52.71%
077-0011108,Total,776,5,347,333,172,51.65%,161,48.35%
077-0011109,Total,810,5,416,397,192,48.36%,205,51.64%
077-0011110,Total,1248,5,462,435,223,51.26%,212,48.74%
077-0011111,Total,1354,5,839,784,447,57.02%,337,42.98%
077-0011112,Total,775,5,329,316,158,50.00%,158,50.00%
077-0011114,Total,1637,5,831,783,327,41.76%,456,58.24%
077-0011115,Total,1188,5,678,631,312,49.45%,319,50.55%
077-0011116,Total,1474,5,778,743,342,46.03%,401,53.97%
077-0011117,Total,1599,5,742,701,341,48.64%,360,51.36%
077-0011118,Total,1425,5,879,820,430,52.44%,390,47.56%
077-0011119,Total,455,5,125,117,56,47.86%,61,52.14%
077-0011120,Total,1535,5,785,758,338,44.59%,420,55.41%
077-0011121,Total,1277,5,835,788,409,51.90%,379,48.10%
077-0011122,Total,1618,5,805,766,350,45.69%,416,54.31%
077-0011124,Total,804,5,425,409,157,38.39%,252,61.61%
077-0011125,Total,1438,5,1017,962,478,49.69%,484,50.31%
077-0011127,Total,1490,5,904,878,404,46.01%,474,53.99%
077-0011130,Total,468,5,251,240,121,50.42%,119,49.58%
077-0011134,Total,722,5,414,392,200,51.02%,192,48.98%
077-0011137,Total,838,5,514,494,243,49.19%,251,50.81%
077-0011140,Total,670,5,334,316,150,47.47%,166,52.53%
077-0011142,Total,1622,5,1031,974,470,48.25%,504,51.75%
077-0011146,Total,917,5,596,559,277,49.55%,282,50.45%
077-0011147,Total,863,5,462,443,197,44.47%,246,55.53%
077-0011149,Total,1343,5,852,795,330,41.51%,465,58.49%
077-0011151,Total,1307,5,673,635,286,45.04%,349,54.96%
077-0011152,Total,1013,5,722,686,332,48.40%,354,51.60%
077-0011155,Total,705,5,336,325,159,48.92%,166,51.08%
077-0011157,Total,1053,5,587,560,246,43.93%,314,56.07%
077-0011158,Total,896,5,519,485,247,50.93%,238,49.07%
077-0011164,Total,959,5,558,535,256,47.85%,279,52.15%
077-0011168,Total,1016,5,605,569,273,47.98%,296,52.02%
077-0011169,Total,1702,5,1126,1059,530,50.05%,529,49.95%
077-0011201,Total,1313,5,991,937,423,45.14%,514,54.86%
077-0011203,Total,1301,5,1066,1013,364,35.93%,649,64.07%
077-0011205,Total,448,5,362,349,121,34.67%,228,65.33%
077-0011206,Total,1300,5,1013,960,366,38.13%,594,61.88%
077-0011208,Total,1431,5,775,724,302,41.71%,422,58.29%
077-0011209,Total,794,5,643,602,225,37.38%,377,62.62%
077-0011211,Total,1470,5,853,803,381,47.45%,422,52.55%
077-0011212,Total,707,5,412,383,152,39.69%,231,60.31%
077-0011214,Total,1392,5,647,609,280,45.98%,329,54.02%
077-0011215,Total,1188,5,590,562,261,46.44%,301,53.56%
077-0011216,Total,768,5,326,305,146,47.87%,159,52.13%
077-0011217,Total,1448,5,1148,1058,493,46.60%,565,53.40%
077-0011218,Total,798,5,505,469,223,47.55%,246,52.45%
077-0011219,Total,1103,5,877,825,375,45.45%,450,54.55%
077-0011220,Total,655,5,365,346,139,40.17%,207,59.83%
077-0011221,Total,894,5,617,585,259,44.27%,326,55.73%
077-0011224,Total,1085,5,688,644,308,47.83%,336,52.17%
077-0011226,Total,1575,5,885,837,387,46.24%,450,53.76%
077-0011227,Total,748,5,454,431,186,43.16%,245,56.84%
077-0011228,Total,613,5,394,381,172,45.14%,209,54.86%
077-0011229,Total,1467,5,1089,1026,469,45.71%,557,54.29%
077-0011230,Total,795,5,573,542,208,38.38%,334,61.62%
077-0011232,Total,1436,5,893,845,355,42.01%,490,57.99%
077-0011233,Total,590,5,450,439,165,37.59%,274,62.41%
077-0011235,Total,657,5,347,336,161,47.92%,175,52.08%
077-0011237,Total,1140,5,573,541,254,46.95%,287,53.05%
077-0011238,Total,1741,5,1205,1144,487,42.57%,657,57.43%
077-0011241,Total,1091,5,763,724,321,44.34%,403,55.66%
077-0011242,Total,1446,5,944,900,411,45.67%,489,54.33%
077-0011243,Total,1379,5,906,857,405,47.26%,452,52.74%
077-0011245,Total,988,5,710,668,294,44.01%,374,55.99%
077-0011249,Total,1445,5,880,814,418,51.35%,396,48.65%
077-0011251,Total,1103,5,628,601,300,49.92%,301,50.08%
077-0011253,Total,1469,5,780,735,365,49.66%,370,50.34%
077-0011254,Total,1170,5,661,627,317,50.56%,310,49.44%
077-0011255,Total,1428,5,863,806,358,44.42%,448,55.58%
077-0011256,Total,975,5,598,567,251,44.27%,316,55.73%
077-0011258,Total,1688,5,1039,973,473,48.61%,500,51.39%
077-0011259,Total,540,5,428,403,188,46.65%,215,53.35%
077-0011263,Total,939,5,539,513,256,49.90%,257,50.10%
077-0011265,Total,565,5,407,385,175,45.45%,210,54.55%
077-0011266,Total,1469,5,861,802,425,52.99%,377,47.01%
077-0011270,Total,1511,5,735,697,341,48.92%,356,51.08%
077-0011271,Total,900,5,532,504,241,47.82%,263,52.18%
077-0011272,Total,2048,5,1233,1180,590,50.00%,590,50.00%
077-0011274,Total,572,5,313,298,142,47.65%,156,52.35%
077-0011275,Total,1374,5,806,762,313,41.08%,449,58.92%
077-0011278,Total,875,5,401,385,176,45.71%,209,54.29%
077-0011302,Total,1315,5,788,730,317,43.42%,413,56.58%
077-0011303,Total,1313,5,994,948,414,43.67%,534,56.33%
077-0011304,Total,852,5,669,632,300,47.47%,332,52.53%
077-0011305,Total,1638,5,1372,1294,483,37.33%,811,62.67%
077-0011306,Total,830,5,494,471,202,42.89%,269,57.11%
077-0011307,Total,947,5,610,580,244,42.07%,336,57.93%
077-0011308,Total,1154,5,876,804,353,43.91%,451,56.09%
077-0011309,Total,952,5,721,682,337,49.41%,345,50.59%
077-0011310,Total,811,5,552,523,208,39.77%,315,60.23%
077-0011311,Total,789,5,589,554,253,45.67%,301,54.33%
077-0011312,Total,1464,5,1016,944,433,45.87%,511,54.13%
077-0011314,Total,1326,5,906,848,417,49.17%,431,50.83%
077-0011315,Total,1545,5,821,786,341,43.38%,445,56.62%
077-0011316,Total,680,5,438,418,172,41.15%,246,58.85%
077-0011317,Total,708,5,408,394,160,40.61%,234,59.39%
077-0011319,Total,418,5,293,279,107,38.35%,172,61.65%
077-0011320,Total,1535,5,1094,1036,515,49.71%,521,50.29%
077-0011321,Total,1538,5,1111,1058,427,40.36%,631,59.64%
077-0011322,Total,1451,5,749,714,319,44.68%,395,55.32%
077-0011323,Total,1530,5,923,874,383,43.82%,491,56.18%
077-0011324,Total,1008,5,694,649,322,49.61%,327,50.39%
077-0011325,Total,1549,5,1218,1132,478,42.23%,654,57.77%
077-0011326,Total,674,5,499,483,189,39.13%,294,60.87%
077-0011327,Total,1838,5,1141,1073,482,44.92%,591,55.08%
077-0011332,Total,1746,5,1253,1176,498,42.35%,678,57.65%
077-0011333,Total,692,5,526,491,199,40.53%,292,59.47%
077-0011335,Total,1399,5,1043,990,399,40.30%,591,59.70%
077-0011338,Total,1231,5,830,776,326,42.01%,450,57.99%
077-0011342,Total,681,5,390,360,182,50.56%,178,49.44%
077-0011343,Total,678,5,501,473,190,40.17%,283,59.83%
077-0011345,Total,683,5,505,470,196,41.70%,274,58.30%
077-0011346,Total,711,5,533,511,212,41.49%,299,58.51%
077-0011348,Total,789,5,623,588,236,40.14%,352,59.86%
077-0033501,Total,1025,5,681,642,334,52.02%,308,47.98%
077-0033502,Total,1259,5,971,913,409,44.80%,504,55.20%
077-0033503,Total,920,5,663,620,251,40.48%,369,59.52%
077-0033504,Total,1263,5,890,839,342,40.76%,497,59.24%
077-0033505,Total,1660,5,1120,1055,463,43.89%,592,56.11%
077-0033507,Total,1404,5,1002,955,414,43.35%,541,56.65%
077-0033509,Total,1799,5,1265,1192,496,41.61%,696,58.39%
077-0033512,Total,638,5,427,395,147,37.22%,248,62.78%
077-0033513,Total,554,5,339,318,157,49.37%,161,50.63%
077-0033514,Total,1208,5,928,865,410,47.40%,455,52.60%
077-0033515,Total,869,5,606,566,273,48.23%,293,51.77%
077-0033517,Total,892,5,623,579,267,46.11%,312,53.89%
077-0033518,Total,1059,5,785,732,335,45.77%,397,54.23%
077-0033520,Total,1713,5,1303,1224,583,47.63%,641,52.37%
077-0033522,Total,1156,5,812,756,319,42.20%,437,57.80%
077-0033523,Total,1104,5,796,748,345,46.12%,403,53.88%
077-0033524,Total,872,5,678,622,256,41.16%,366,58.84%
077-0033525,Total,1465,5,1049,983,516,52.49%,467,47.51%
077-0033527,Total,831,5,655,623,249,39.97%,374,60.03%
077-0033529,Total,704,5,530,492,231,46.95%,261,53.05%
077-0033530,Total,790,5,591,552,286,51.81%,266,48.19%
077-0033532,Total,1051,5,776,739,351,47.50%,388,52.50%
077-0033533,Total,752,5,562,527,205,38.90%,322,61.10%
077-0033534,Total,1244,5,926,875,401,45.83%,474,54.17%
077-0033535,Total,1024,5,762,725,329,45.38%,396,54.62%
077-0033537,Total,657,5,465,426,193,45.31%,233,54.69%
077-0033540,Total,1821,5,1277,1204,634,52.66%,570,47.34%
077-0033542,Total,1044,5,726,676,326,48.22%,350,51.78%
077-0033543,Total,865,5,684,652,308,47.24%,344,52.76%
077-0033545,Total,961,5,768,719,300,41.72%,419,58.28%
077-0033546,Total,1865,5,1419,1341,676,50.41%,665,49.59%
077-0033547,Total,987,5,741,695,329,47.34%,366,52.66%
077-0033548,Total,611,5,450,410,211,51.46%,199,48.54%
077-0033551,Total,1017,5,781,739,399,53.99%,340,46.01%
077-0033552,Total,1368,5,1014,971,498,51.29%,473,48.71%
077-0033554,Total,1101,5,843,790,366,46.33%,424,53.67%
077-0042401,Total,975,5,719,698,292,41.83%,406,58.17%
077-0042402,Total,1240,5,1058,996,330,33.13%,666,66.87%
077-0042403,Total,1257,5,700,677,318,46.97%,359,53.03%
077-0042404,Total,1447,5,1063,1005,404,40.20%,601,59.80%
077-0042405,Total,1380,5,816,780,324,41.54%,456,58.46%
077-0042406,Total,1755,5,1340,1260,514,40.79%,746,59.21%
077-0042407,Total,1053,5,760,712,231,32.44%,481,67.56%
077-0042408,Total,1196,5,859,792,306,38.64%,486,61.36%
077-0042410,Total,682,5,495,469,169,36.03%,300,63.97%
077-0042411,Total,757,5,602,566,208,36.75%,358,63.25%
077-0042412,Total,672,5,458,434,191,44.01%,243,55.99%
077-0042413,Total,1213,5,921,887,338,38.11%,549,61.89%
077-0042414,Total,885,5,564,522,236,45.21%,286,54.79%
077-0042416,Total,886,5,747,718,247,34.40%,471,65.60%
077-0042417,Total,664,5,522,497,182,36.62%,315,63.38%
077-0042418,Total,1406,5,1062,1005,372,37.01%,633,62.99%
077-0042419,Total,954,5,683,657,258,39.27%,399,60.73%
077-0042420,Total,519,5,388,369,135,36.59%,234,63.41%
077-0042421,Total,903,5,730,694,236,34.01%,458,65.99%
077-0042422,Total,554,5,462,430,157,36.51%,273,63.49%
077-0042423,Total,1129,5,941,892,278,31.17%,614,68.83%
077-0042424,Total,736,5,585,559,209,37.39%,350,62.61%
077-0042426,Total,1129,5,834,786,305,38.80%,481,61.20%
077-0042430,Total,586,5,434,410,148,36.10%,262,63.90%
077-0042432,Total,974,5,795,755,278,36.82%,477,63.18%
077-0042433,Total,675,5,570,535,190,35.51%,345,64.49%
077-0042437,Total,882,5,470,450,219,48.67%,231,51.33%
077-0042439,Total,935,5,769,735,254,34.56%,481,65.44%
077-0042441,Total,937,5,740,698,271,38.83%,427,61.17%
077-0042444,Total,835,5,484,465,205,44.09%,260,55.91%
077-0042446,Total,903,5,621,593,272,45.87%,321,54.13%
077-0042449,Total,925,5,713,676,259,38.31%,417,61.69%
077-0054301,Total,1466,5,1112,1054,425,40.32%,629,59.68%
077-0054302,Total,1569,5,1160,1107,406,36.68%,701,63.32%
077-0054304,Total,844,5,636,590,239,40.51%,351,59.49%
077-0054305,Total,902,5,624,596,233,39.09%,363,60.91%
077-0054306,Total,781,5,529,497,198,39.84%,299,60.16%
077-0054307,Total,1204,5,870,821,322,39.22%,499,60.78%
077-0054310,Total,1332,5,932,901,364,40.40%,537,59.60%
077-0054311,Total,1602,5,1011,971,365,37.59%,606,62.41%
077-0054312,Total,372,5,229,215,97,45.12%,118,54.88%
077-0054313,Total,666,5,457,423,188,44.44%,235,55.56%
077-0054314,Total,1513,5,1088,1034,382,36.94%,652,63.06%
077-0054318,Total,1799,5,1684,1632,557,34.13%,1075,65.87%
077-0054320,Total,956,5,669,645,258,40.00%,387,60.00%
077-0054321,Total,933,5,594,558,233,41.76%,325,58.24%
077-0054322,Total,1318,5,932,892,310,34.75%,582,65.25%
077-0054323,Total,336,5,211,196,94,47.96%,102,52.04%
077-0054324,Total,739,5,563,538,165,30.67%,373,69.33%
077-0054325,Total,1678,5,1294,1207,451,37.37%,756,62.63%
077-0054327,Total,892,5,746,711,272,38.26%,439,61.74%
077-0054501,Total,956,5,639,604,266,44.04%,338,55.96%
077-0054502,Total,1070,5,664,639,249,38.97%,390,61.03%
077-0054503,Total,878,5,681,637,267,41.92%,370,58.08%
077-0054504,Total,775,5,523,503,187,37.18%,316,62.82%
077-0054505,Total,1502,5,1137,1078,434,40.26%,644,59.74%
077-0054508,Total,1223,5,897,836,392,46.89%,444,53.11%
077-0054509,Total,565,5,406,386,158,40.93%,228,59.07%
077-0054510,Total,1301,5,935,894,333,37.25%,561,62.75%
077-0054511,Total,669,5,496,484,204,42.15%,280,57.85%
077-0054512,Total,736,5,565,535,188,35.14%,347,64.86%
077-0054514,Total,1007,5,776,732,319,43.58%,413,56.42%
077-0054515,Total,1267,5,879,822,338,41.12%,484,58.88%
077-0054520,Total,860,5,627,585,234,40.00%,351,60.00%
077-0054521,Total,848,5,647,598,301,50.33%,297,49.67%
077-0054522,Total,717,5,520,490,219,44.69%,271,55.31%
077-0054523,Total,453,5,347,333,151,45.35%,182,54.65%
077-0064401,Total,394,5,327,304,106,34.87%,198,65.13%
077-0064402,Total,813,5,655,624,174,27.88%,450,72.12%
077-0064403,Total,706,5,508,483,154,31.88%,329,68.12%
077-0064404,Total,634,5,483,456,154,33.77%,302,66.23%
077-0064405,Total,454,5,365,350,128,36.57%,222,63.43%
077-0064406,Total,498,5,408,385,116,30.13%,269,69.87%
077-0074401,Total,1220,5,1017,968,280,28.93%,688,71.07%
077-0074402,Total,1404,5,1070,1024,355,34.67%,669,65.33%
077-0074404,Total,669,5,476,445,168,37.75%,277,62.25%
077-0074405,Total,690,5,545,516,148,28.68%,368,71.32%
077-0074406,Total,780,5,645,609,167,27.42%,442,72.58%
077-0074407,Total,568,5,495,473,121,25.58%,352,74.42%
077-0074408,Total,913,5,781,743,241,32.44%,502,67.56%
077-0074410,Total,936,5,780,743,273,36.74%,470,63.26%
077-0074411,Total,669,5,548,525,180,34.29%,345,65.71%
077-0074412,Total,835,5,668,639,224,35.05%,415,64.95%
077-0084301,Total,1016,5,687,652,297,45.55%,355,54.45%
077-0084302,Total,1417,5,928,883,363,41.11%,520,58.89%
077-0084303,Total,953,5,666,613,316,51.55%,297,48.45%
077-0084305,Total,657,5,447,427,177,41.45%,250,58.55%
077-0084306,Total,639,5,440,404,177,43.81%,227,56.19%
077-0084307,Total,982,5,626,589,263,44.65%,326,55.35%
077-0084309,Total,961,5,693,634,339,53.47%,295,46.53%
077-0084310,Total,996,5,703,667,299,44.83%,368,55.17%
077-0084312,Total,1250,5,953,891,479,53.76%,412,46.24%
077-0084501,Total,510,5,415,386,188,48.70%,198,51.30%
077-0091101,Total,467,5,260,257,118,45.91%,139,54.09%
077-0091102,Total,330,5,199,190,89,46.84%,101,53.16%
077-0091103,Total,296,5,144,140,65,46.43%,75,53.57%
077-0091105,Total,409,5,225,218,100,45.87%,118,54.13%
077-0091107,Total,1218,5,632,602,268,44.52%,334,55.48%
077-0091111,Total,1357,5,865,820,360,43.90%,460,56.10%
077-0091113,Total,834,5,494,471,205,43.52%,266,56.48%
077-0091114,Total,782,5,512,491,206,41.96%,285,58.04%
077-0091115,Total,1209,5,803,755,326,43.18%,429,56.82%
077-0091121,Total,309,5,182,175,89,50.86%,86,49.14%
077-0091204,Total,584,5,342,327,153,46.79%,174,53.21%
077-0091205,Total,308,5,257,244,92,37.70%,152,62.30%
077-0091206,Total,476,5,231,221,98,44.34%,123,55.66%
077-0091207,Total,1004,5,472,450,201,44.67%,249,55.33%
077-0091208,Total,412,5,233,222,78,35.14%,144,64.86%
077-0091209,Total,1263,5,917,869,390,44.88%,479,55.12%
077-0091211,Total,1071,5,760,732,306,41.80%,426,58.20%
077-0091213,Total,357,5,255,242,60,24.79%,182,75.21%
077-0091216,Total,859,5,521,494,218,44.13%,276,55.87%
077-0091217,Total,783,5,440,427,206,48.24%,221,51.76%
077-0091218,Total,709,5,374,357,163,45.66%,194,54.34%
077-0091219,Total,1098,5,569,540,214,39.63%,326,60.37%
077-0091225,Total,445,5,236,230,114,49.57%,116,50.43%
077-0091227,Total,506,5,339,323,116,35.91%,207,64.09%
077-0091301,Total,1063,5,797,762,301,39.50%,461,60.50%
077-0091303,Total,1381,5,947,900,370,41.11%,530,58.89%
077-0091305,Total,678,5,545,509,196,38.51%,313,61.49%
077-0091402,Total,1337,5,1080,1016,319,31.40%,697,68.60%
077-0091404,Total,660,5,533,515,169,32.82%,346,67.18%
077-0091405,Total,829,5,640,604,217,35.93%,387,64.07%
077-0091407,Total,756,5,551,532,185,34.77%,347,65.23%
077-0091408,Total,538,5,429,407,158,38.82%,249,61.18%
077-0091409,Total,872,5,651,616,249,40.42%,367,59.58%
077-0091411,Total,956,5,671,632,228,36.08%,404,63.92%
077-0091412,Total,561,5,460,436,190,43.58%,246,56.42%
077-0091414,Total,763,5,565,537,193,35.94%,344,64.06%
077-0091415,Total,848,5,648,609,172,28.24%,437,71.76%
077-0092401,Total,541,5,414,390,140,35.90%,250,64.10%
077-0092402,Total,850,5,622,598,230,38.46%,368,61.54%
077-0092403,Total,361,5,279,266,92,34.59%,174,65.41%
077-0092404,Total,1089,5,838,791,282,35.65%,509,64.35%
077-0092405,Total,326,5,261,247,82,33.20%,165,66.80%
077-0092406,Total,1404,5,1092,1040,341,32.79%,699,67.21%
077-0092407,Total,545,5,454,431,157,36.43%,274,63.57%
077-0092408,Total,1307,5,1049,1005,272,27.06%,733,72.94%
077-0092409,Total,926,5,737,698,207,29.66%,491,70.34%
077-0092410,Total,717,5,498,469,158,33.69%,311,66.31%
077-0092411,Total,969,5,780,741,260,35.09%,481,64.91%
077-0092412,Total,540,5,426,417,153,36.69%,264,63.31%
077-0092413,Total,368,5,284,270,86,31.85%,184,68.15%
077-0092414,Total,445,5,355,339,130,38.35%,209,61.65%
077-0092416,Total,672,5,538,519,176,33.91%,343,66.09%
077-0092418,Total,858,5,697,670,215,32.09%,455,67.91%
077-0092419,Total,991,5,753,711,260,36.57%,451,63.43%
077-0092420,Total,912,5,718,696,240,34.48%,456,65.52%
077-0092422,Total,330,5,250,245,88,35.92%,157,64.08%
077-0092424,Total,595,5,475,463,168,36.29%,295,63.71%
077-0092432,Total,415,5,319,301,112,37.21%,189,62.79%
077-0093501,Total,1566,5,1260,1181,502,42.51%,679,57.49%
077-0093502,Total,494,5,379,361,135,37.40%,226,62.60%
077-0093503,Total,413,5,309,284,97,34.15%,187,65.85%
077-0093504,Total,514,5,366,341,134,39.30%,207,60.70%
077-0093505,Total,725,5,586,549,233,42.44%,316,57.56%
077-0093511,Total,1210,5,990,932,558,59.87%,374,40.13%
077-0093521,Total,1000,5,775,730,405,55.48%,325,44.52%
077-0093522,Total,1025,5,798,746,416,55.76%,330,44.24%
077-0093523,Total,1081,5,787,736,428,58.15%,308,41.85%
077-0093524,Total,380,5,303,291,96,32.99%,195,67.01%
077-0093531,Total,1499,5,1142,1064,609,57.24%,455,42.76%
077-0094101,Total,969,5,641,615,270,43.90%,345,56.10%
077-0094309,Total,779,5,572,548,195,35.58%,353,64.42%
077-0094310,Total,314,5,239,230,58,25.22%,172,74.78%
077-0094402,Total,311,5,251,235,73,31.06%,162,68.94%
077-0094403,Total,412,5,344,329,76,23.10%,253,76.90%
077-0094405,Total,538,5,430,409,130,31.78%,279,68.22%
077-0094408,Total,1163,5,912,877,273,31.13%,604,68.87%
077-0094410,Total,415,5,333,316,95,30.06%,221,69.94%
077-0094501,Total,576,5,420,400,189,47.25%,211,52.75%
077-0094503,Total,319,5,275,270,56,20.74%,214,79.26%
077-0094504,Total,556,5,430,411,132,32.12%,279,67.88%
077-0111120,Total,65,5,32,30,11,36.67%,19,63.33%
077-0111130,Total,298,5,126,118,66,55.93%,52,44.07%
077-0111190,Total,256,5,123,112,51,45.54%,61,54.46%
077-0111230,Total,454,5,178,172,79,45.93%,93,54.07%
077-0111310,Total,5,5,6,6,2,33.33%,4,66.67%
077-0111311,Total,0,5,0,0,0,0,0,0
077-0111320,Total,0,5,0,0,0,0,0,0
077-0111410,Total,0,5,0,0,0,0,0,0
077-0111430,Total,0,5,0,0,0,0,0,0
077-0111431,Total,0,5,0,0,0,0,0,0
077-0111440,Total,3,5,1,1,1,100.00%,0,0.00%
077-0111441,Total,3,5,3,3,1,33.33%,2,66.67%
077-0111510,Total,116,5,69,65,25,38.46%,40,61.54%
077-0111530,Total,226,5,152,145,72,49.66%,73,50.34%
077-0111750,Total,23,5,11,9,2,22.22%,7,77.78%
077-0111751,Total,1,5,1,1,0,0.00%,1,100.00%
077-0112330,Total,252,5,144,138,62,44.93%,76,55.07%
077-0112600,Total,186,5,94,89,36,40.45%,53,59.55%
077-0113010,Total,5,5,4,4,3,75.00%,1,25.00%
077-0113130,Total,24,5,22,22,4,18.18%,18,81.82%
077-0113310,Total,264,5,190,180,85,47.22%,95,52.78%
077-0113420,Total,0,5,0,0,0,0,0,0
077-0113430,Total,83,5,72,70,27,38.57%,43,61.43%
077-0113900,Total,0,5,0,0,0,0,0,0
077-0335070,Total,15,5,9,9,4,44.44%,5,55.56%
077-0335071,Total,14,5,11,11,2,18.18%,9,81.82%
077-0335120,Total,0,5,0,0,0,0,0,0
077-0335280,Total,8,5,5,5,1,20.00%,4,80.00%
077-0335310,Total,2,5,1,1,1,100.00%,0,0.00%
077-0335311,Total,8,5,8,7,4,57.14%,3,42.86%
077-0335440,Total,14,5,13,13,2,15.38%,11,84.62%
077-0335540,Total,208,5,170,159,68,42.77%,91,57.23%
077-0335550,Total,2,5,2,2,2,100.00%,0,0.00%
077-0335560,Total,3,5,3,3,2,66.67%,1,33.33%
077-0424360,Total,0,5,0,0,0,0,0,0
077-0424500,Total,17,5,13,13,4,30.77%,9,69.23%
077-0543040,Total,44,5,34,33,8,24.24%,25,75.76%
077-0543080,Total,0,5,0,0,0,0,0,0
077-0543090,Total,335,5,222,212,92,43.40%,120,56.60%
077-0543280,Total,3,5,2,2,1,50.00%,1,50.00%
077-0545060,Total,20,5,18,18,1,5.56%,17,94.44%
077-0545061,Total,2,5,2,2,0,0.00%,2,100.00%
077-0545070,Total,46,5,34,33,18,54.55%,15,45.45%
077-0545200,Total,365,5,319,305,125,40.98%,180,59.02%
077-0545201,Total,8,5,8,8,8,100.00%,0,0.00%
077-0644010,Total,244,5,196,188,62,32.98%,126,67.02%
077-0644050,Total,179,5,149,144,59,40.97%,85,59.03%
077-0644060,Total,29,5,22,21,11,52.38%,10,47.62%
077-0835010,Total,0,5,0,0,0,0,0,0
077-0843080,Total,32,5,23,22,13,59.09%,9,40.91%
077-0843110,Total,9,5,7,6,0,0.00%,6,100.00%
077-0845020,Total,0,5,0,0,0,0,0,0
077-0845030,Total,5,5,5,5,2,40.00%,3,60.00%
077-0911040,Total,177,5,122,119,56,47.06%,63,52.94%
077-0911050,Total,94,5,44,39,17,43.59%,22,56.41%
077-0911060,Total,256,5,148,144,40,27.78%,104,72.22%
077-0911080,Total,36,5,18,18,7,38.89%,11,61.11%
077-0911100,Total,36,5,29,28,13,46.43%,15,53.57%
077-0911101,Total,30,5,19,18,2,11.11%,16,88.89%
077-0911130,Total,21,5,9,8,3,37.50%,5,62.50%
077-0911200,Total,105,5,68,66,28,42.42%,38,57.58%
077-0911210,Total,71,5,49,47,19,40.43%,28,59.57%
077-0911900,Total,0,5,0,0,0,0,0,0
077-0912010,Total,69,5,47,43,11,25.58%,32,74.42%
077-0912020,Total,15,5,7,7,3,42.86%,4,57.14%
077-0912030,Total,242,5,190,183,72,39.34%,111,60.66%
077-0912031,Total,119,5,61,56,23,41.07%,33,58.93%
077-0912060,Total,39,5,24,22,5,22.73%,17,77.27%
077-0912090,Total,201,5,139,133,55,41.35%,78,58.65%
077-0912140,Total,20,5,16,15,3,20.00%,12,80.00%
077-0912160,Total,3,5,0,0,0,0,0,0
077-0912210,Total,2,5,2,2,2,100.00%,0,0.00%
077-0912211,Total,279,5,164,161,65,40.37%,96,59.63%
077-0912260,Total,0,5,0,0,0,0,0,0
077-0913040,Total,8,5,5,4,2,50.00%,2,50.00%
077-0913050,Total,4,5,3,3,2,66.67%,1,33.33%
077-0913070,Total,138,5,101,98,32,32.65%,66,67.35%
077-0913071,Total,117,5,85,84,25,29.76%,59,70.24%
077-0913080,Total,140,5,126,114,40,35.09%,74,64.91%
077-0913090,Total,111,5,88,84,25,29.76%,59,70.24%
077-0914010,Total,250,5,161,156,50,32.05%,106,67.95%
077-0914060,Total,93,5,81,75,23,30.67%,52,69.33%
077-0914080,Total,89,5,73,70,30,42.86%,40,57.14%
077-0914100,Total,243,5,172,160,60,37.50%,100,62.50%
077-0914130,Total,35,5,24,24,11,45.83%,13,54.17%
077-0914131,Total,22,5,19,19,1,5.26%,18,94.74%
077-0914170,Total,71,5,51,50,21,42.00%,29,58.00%
077-0914180,Total,89,5,69,66,18,27.27%,48,72.73%
077-0914181,Total,42,5,34,34,13,38.24%,21,61.76%
077-0923010,Total,17,5,12,11,7,63.64%,4,36.36%
077-0924010,Total,180,5,145,142,36,25.35%,106,74.65%
077-0924020,Total,120,5,100,96,37,38.54%,59,61.46%
077-0924060,Total,43,5,32,27,10,37.04%,17,62.96%
077-0924140,Total,65,5,54,52,21,40.38%,31,59.62%
077-0924170,Total,230,5,183,177,61,34.46%,116,65.54%
077-0924250,Total,14,5,11,11,4,36.36%,7,63.64%
077-0924260,Total,29,5,20,20,7,35.00%,13,65.00%
077-0924280,Total,6,5,5,5,4,80.00%,1,20.00%
077-0924330,Total,62,5,42,42,16,38.10%,26,61.90%
077-0924331,Total,229,5,171,163,60,36.81%,103,63.19%
077-0933010,Total,124,5,93,85,32,37.65%,53,62.35%
077-0933020,Total,189,5,122,117,37,31.62%,80,68.38%
077-0933030,Total,44,5,33,31,14,45.16%,17,54.84%
077-0933031,Total,1,5,1,1,0,0.00%,1,100.00%
077-0935030,Total,165,5,105,102,51,50.00%,51,50.00%
077-0935040,Total,24,5,19,19,2,10.53%,17,89.47%
077-0935070,Total,128,5,96,90,36,40.00%,54,60.00%
077-0935080,Total,240,5,171,156,53,33.97%,103,66.03%
077-0935090,Total,40,5,29,27,12,44.44%,15,55.56%
077-0935100,Total,182,5,145,138,54,39.13%,84,60.87%
077-0935110,Total,81,5,52,51,19,37.25%,32,62.75%
077-0935120,Total,36,5,26,21,11,52.38%,10,47.62%
077-0935130,Total,24,5,21,21,6,28.57%,15,71.43%
077-0935150,Total,210,5,175,158,56,35.44%,102,64.56%
077-0935250,Total,0,5,0,0,0,0,0,0
077-0935260,Total,28,5,17,16,1,6.25%,15,93.75%
077-0935261,Total,74,5,53,49,20,40.82%,29,59.18%
077-0935270,Total,41,5,30,29,10,34.48%,19,65.52%
077-0935280,Total,2,5,1,1,1,100.00%,0,0.00%
077-0935290,Total,15,5,12,12,6,50.00%,6,50.00%
077-0935300,Total,8,5,8,8,6,75.00%,2,25.00%
077-0935301,Total,0,5,0,0,0,0,0,0
077-0941020,Total,6,5,1,1,0,0.00%,1,100.00%
077-0941021,Total,7,5,1,1,0,0.00%,1,100.00%
077-0941030,Total,52,5,41,39,13,33.33%,26,66.67%
077-0941040,Total,41,5,32,29,11,37.93%,18,62.07%
077-0941050,Total,188,5,123,117,40,34.19%,77,65.81%
077-0941060,Total,135,5,59,58,25,43.10%,33,56.90%
077-0941070,Total,191,5,138,135,60,44.44%,75,55.56%
077-0941100,Total,19,5,11,10,3,30.00%,7,70.00%
077-0941101,Total,7,5,7,7,3,42.86%,4,57.14%
077-0941110,Total,17,5,12,11,4,36.36%,7,63.64%
077-0941111,Total,0,5,0,0,0,0,0,0
077-0941120,Total,158,5,104,103,33,32.04%,70,67.96%
077-0943010,Total,104,5,65,60,19,31.67%,41,68.33%
077-0943020,Total,135,5,103,95,45,47.37%,50,52.63%
077-0943021,Total,112,5,77,71,23,32.39%,48,67.61%
077-0943030,Total,228,5,160,153,59,38.56%,94,61.44%
077-0943040,Total,85,5,62,60,18,30.00%,42,70.00%
077-0943050,Total,242,5,201,196,66,33.67%,130,66.33%
077-0943051,Total,15,5,8,8,5,62.50%,3,37.50%
077-0943052,Total,174,5,118,115,32,27.83%,83,72.17%
077-0943070,Total,62,5,48,43,15,34.88%,28,65.12%
077-0943080,Total,126,5,100,98,30,30.61%,68,69.39%
077-0943090,Total,1,5,0,0,0,0,0,0
077-0943100,Total,3,5,3,3,2,66.67%,1,33.33%
077-0943110,Total,2,5,0,0,0,0,0,0
077-0943130,Total,66,5,43,43,17,39.53%,26,60.47%
077-0944010,Total,42,5,37,37,4,10.81%,33,89.19%
077-0944020,Total,11,5,7,7,3,42.86%,4,57.14%
077-0944021,Total,4,5,2,2,0,0.00%,2,100.00%
077-0944040,Total,69,5,64,62,13,20.97%,49,79.03%
077-0944041,Total,187,5,162,158,50,31.65%,108,68.35%
077-0944050,Total,249,5,200,188,71,37.77%,117,62.23%
077-0944060,Total,217,5,185,178,44,24.72%,134,75.28%
077-0944061,Total,179,5,144,134,29,21.64%,105,78.36%
077-0944070,Total,167,5,125,115,28,24.35%,87,75.65%
077-0944090,Total,216,5,188,183,60,32.79%,123,67.21%
077-0944091,Total,81,5,65,64,16,25.00%,48,75.00%
077-0944130,Total,36,5,29,29,6,20.69%,23,79.31%
077-0945020,Total,0,5,0,0,0,0,0,0
077-0945030,Total,4,5,4,4,2,50.00%,2,50.00%
077-0945031,Total,10,5,5,5,2,40.00%,3,60.00%
077-0945032,Total,0,5,0,0,0,0,0,0
077-0945040,Total,42,5,26,25,7,28.00%,18,72.00%
077-0945050,Total,3,5,3,3,3,100.00%,0,0.00%
077-0945051,Total,134,5,80,77,24,31.17%,53,68.83%
077-0945060,Total,260,5,189,176,50,28.41%,126,71.59%
077-0945061,Total,0,5,0,0,0,0,0,0
077-0945062,Total,0,5,0,0,0,0,0,0
077-0945063,Total,15,5,12,12,5,41.67%,7,58.33%
