pct16,total,voters,count,votes,prop61_yes,yespct,prop61_no,nopct
CP1,Total,910,2,607,225,37.07%,382,62.93%
MB2,Total,121,2,78,36,46.15%,42,53.85%
MB3,Total,272,2,201,87,43.28%,114,56.72%
CP4,Total,946,2,692,259,37.43%,433,62.57%
CP5,Total,405,2,309,112,36.25%,197,63.75%
CP9,Total,341,2,232,96,41.38%,136,58.62%
MB6,Total,168,2,120,52,43.33%,68,56.67%
MB42,Total,204,2,145,57,39.31%,88,60.69%
MB8,Total,198,2,146,60,41.10%,86,58.90%
MB10,Total,205,2,141,67,47.52%,74,52.48%
MB43,Total,167,2,111,43,38.74%,68,61.26%
MB44,Total,178,2,124,54,43.55%,70,56.45%
MB45,Total,170,2,110,35,31.82%,75,68.18%
MB46,Total,250,2,172,80,46.51%,92,53.49%
CP7,Total,311,2,208,69,33.17%,139,66.83%
MB47,Total,142,2,80,40,50.00%,40,50.00%
MB48,Total,82,2,61,21,34.43%,40,65.57%
MB49,Total,116,2,80,26,32.50%,54,67.50%
MB50,Total,209,2,131,47,35.88%,84,64.12%
MB22,Total,96,2,66,21,31.82%,45,68.18%
MB32,Total,108,2,82,26,31.71%,56,68.29%
CP11,Total,888,2,653,248,37.98%,405,62.02%
CP12,Total,1243,2,942,346,36.73%,596,63.27%
CP13,Total,848,2,602,239,39.70%,363,60.30%
MB52,Total,0,2,4,0,0.00%,4,100.00%
MB53,Total,0,2,11,3,27.27%,8,72.73%
MB24,Total,53,2,35,15,42.86%,20,57.14%
MB14,Total,199,2,142,54,38.03%,88,61.97%
MB15,Total,237,2,179,66,36.87%,113,63.13%
MB31,Total,7,2,2,1,50.00%,1,50.00%
CP16,Total,484,2,351,122,34.76%,229,65.24%
MB33,Total,69,2,55,14,25.45%,41,74.55%
MB17,Total,231,2,182,70,38.46%,112,61.54%
MB25,Total,54,2,40,15,37.50%,25,62.50%
MB26,Total,90,2,72,31,43.06%,41,56.94%
CP18,Total,986,2,714,271,37.96%,443,62.04%
MB51,Total,163,2,84,44,52.38%,40,47.62%
CP19,Total,646,2,456,155,33.99%,301,66.01%
MB27,Total,69,2,32,16,50.00%,16,50.00%
CP20,Total,481,2,361,127,35.18%,234,64.82%
MB39,Total,165,2,118,42,35.59%,76,64.41%
MB40,Total,113,2,76,29,38.16%,47,61.84%
CP21,Total,355,2,226,115,50.88%,111,49.12%
MB36,Total,159,2,88,36,40.91%,52,59.09%
MB37,Total,238,2,146,69,47.26%,77,52.74%
CP23,Total,479,2,351,140,39.89%,211,60.11%
MB38,Total,81,2,44,27,61.36%,17,38.64%
MB34,Total,53,2,34,18,52.94%,16,47.06%
MB28,Total,67,2,49,27,55.10%,22,44.90%
MB29,Total,30,2,22,6,27.27%,16,72.73%
MB35,Total,1,2,0,0,-,0,-
MB41,Total,162,2,130,42,32.31%,88,67.69%
MB30,Total,57,2,52,25,48.08%,27,51.92%
